"ISO3","Area","UN Region","EBRD Region","Element","FBS Class","Unit","Type","Year","value"
NA,"World",NA,NA,"Export quantity","Beverages and other","t","Balance",2010,89195000
NA,"World",NA,NA,"Export quantity","Beverages and other","t","Balance",2011,96078000
NA,"World",NA,NA,"Export quantity","Beverages and other","t","Balance",2012,101332000
NA,"World",NA,NA,"Export quantity","Beverages and other","t","Balance",2013,104332000
NA,"World",NA,NA,"Export quantity","Beverages and other","t","Balance",2014,107177000
NA,"World",NA,NA,"Export quantity","Beverages and other","t","Balance",2015,110412000
NA,"World",NA,NA,"Export quantity","Beverages and other","t","Balance",2016,115191000
NA,"World",NA,NA,"Export quantity","Beverages and other","t","Balance",2017,121152000
NA,"World",NA,NA,"Export quantity","Beverages and other","t","Balance",2018,124440000
NA,"World",NA,NA,"Export quantity","Beverages and other","t","Balance",2019,133546000
NA,"World",NA,NA,"Export quantity","Beverages and other","t","Balance",2020,135164000
NA,"World",NA,NA,"Export quantity","Beverages and other","t","Balance",2021,142779000
NA,"World",NA,NA,"Export quantity","Beverages and other","t","Balance",2022,147255000
NA,"World",NA,NA,"Export quantity","Beverages and other","t","Balance",2023,145044000
NA,"World",NA,NA,"Export quantity","Cereals","t","Balance",2010,404008000
NA,"World",NA,NA,"Export quantity","Cereals","t","Balance",2011,417487000
NA,"World",NA,NA,"Export quantity","Cereals","t","Balance",2012,454435000
NA,"World",NA,NA,"Export quantity","Cereals","t","Balance",2013,460461000
NA,"World",NA,NA,"Export quantity","Cereals","t","Balance",2014,504155000
NA,"World",NA,NA,"Export quantity","Cereals","t","Balance",2015,516789000
NA,"World",NA,NA,"Export quantity","Cereals","t","Balance",2016,534387000
NA,"World",NA,NA,"Export quantity","Cereals","t","Balance",2017,566904000
NA,"World",NA,NA,"Export quantity","Cereals","t","Balance",2018,569791000
NA,"World",NA,NA,"Export quantity","Cereals","t","Balance",2019,575742000
NA,"World",NA,NA,"Export quantity","Cereals","t","Balance",2020,606115000
NA,"World",NA,NA,"Export quantity","Cereals","t","Balance",2021,632876000
NA,"World",NA,NA,"Export quantity","Cereals","t","Balance",2022,636092000
NA,"World",NA,NA,"Export quantity","Cereals","t","Balance",2023,629963000
NA,"World",NA,NA,"Export quantity","Dairy and eggs (excl. butter)","t","Balance",2010,200374000
NA,"World",NA,NA,"Export quantity","Dairy and eggs (excl. butter)","t","Balance",2011,207152000
NA,"World",NA,NA,"Export quantity","Dairy and eggs (excl. butter)","t","Balance",2012,229024000
NA,"World",NA,NA,"Export quantity","Dairy and eggs (excl. butter)","t","Balance",2013,237426000
NA,"World",NA,NA,"Export quantity","Dairy and eggs (excl. butter)","t","Balance",2014,231436000
NA,"World",NA,NA,"Export quantity","Dairy and eggs (excl. butter)","t","Balance",2015,235170000
NA,"World",NA,NA,"Export quantity","Dairy and eggs (excl. butter)","t","Balance",2016,237774000
NA,"World",NA,NA,"Export quantity","Dairy and eggs (excl. butter)","t","Balance",2017,247938000
NA,"World",NA,NA,"Export quantity","Dairy and eggs (excl. butter)","t","Balance",2018,246294000
NA,"World",NA,NA,"Export quantity","Dairy and eggs (excl. butter)","t","Balance",2019,236248000
NA,"World",NA,NA,"Export quantity","Dairy and eggs (excl. butter)","t","Balance",2020,238102000
NA,"World",NA,NA,"Export quantity","Dairy and eggs (excl. butter)","t","Balance",2021,247104000
NA,"World",NA,NA,"Export quantity","Dairy and eggs (excl. butter)","t","Balance",2022,246086000
NA,"World",NA,NA,"Export quantity","Dairy and eggs (excl. butter)","t","Balance",2023,244434000
NA,"World",NA,NA,"Export quantity","Fats and oils","t","Balance",2010,213167000
NA,"World",NA,NA,"Export quantity","Fats and oils","t","Balance",2011,213553000
NA,"World",NA,NA,"Export quantity","Fats and oils","t","Balance",2012,227385000
NA,"World",NA,NA,"Export quantity","Fats and oils","t","Balance",2013,242934000
NA,"World",NA,NA,"Export quantity","Fats and oils","t","Balance",2014,261585000
NA,"World",NA,NA,"Export quantity","Fats and oils","t","Balance",2015,278438000
NA,"World",NA,NA,"Export quantity","Fats and oils","t","Balance",2016,283993000
NA,"World",NA,NA,"Export quantity","Fats and oils","t","Balance",2017,311056000
NA,"World",NA,NA,"Export quantity","Fats and oils","t","Balance",2018,312432000
NA,"World",NA,NA,"Export quantity","Fats and oils","t","Balance",2019,322004000
NA,"World",NA,NA,"Export quantity","Fats and oils","t","Balance",2020,346113000
NA,"World",NA,NA,"Export quantity","Fats and oils","t","Balance",2021,327333000
NA,"World",NA,NA,"Export quantity","Fats and oils","t","Balance",2022,327557000
NA,"World",NA,NA,"Export quantity","Fats and oils","t","Balance",2023,351266000
NA,"World",NA,NA,"Export quantity","Fish and seafood","t","Balance",2010,53656000
NA,"World",NA,NA,"Export quantity","Fish and seafood","t","Balance",2011,56502000
NA,"World",NA,NA,"Export quantity","Fish and seafood","t","Balance",2012,57330000
NA,"World",NA,NA,"Export quantity","Fish and seafood","t","Balance",2013,56150000
NA,"World",NA,NA,"Export quantity","Fish and seafood","t","Balance",2014,58516000
NA,"World",NA,NA,"Export quantity","Fish and seafood","t","Balance",2015,55949000
NA,"World",NA,NA,"Export quantity","Fish and seafood","t","Balance",2016,56264000
NA,"World",NA,NA,"Export quantity","Fish and seafood","t","Balance",2017,60682000
NA,"World",NA,NA,"Export quantity","Fish and seafood","t","Balance",2018,61608000
NA,"World",NA,NA,"Export quantity","Fish and seafood","t","Balance",2019,61708000
NA,"World",NA,NA,"Export quantity","Fish and seafood","t","Balance",2020,59538000
NA,"World",NA,NA,"Export quantity","Fish and seafood","t","Balance",2021,62195000
NA,"World",NA,NA,"Export quantity","Fish and seafood","t","Balance",2022,62195000
NA,"World",NA,NA,"Export quantity","Fish and seafood","t","Balance",2023,62195000
NA,"World",NA,NA,"Export quantity","Fruits and vegetables","t","Balance",2010,182201000
NA,"World",NA,NA,"Export quantity","Fruits and vegetables","t","Balance",2011,191200000
NA,"World",NA,NA,"Export quantity","Fruits and vegetables","t","Balance",2012,196459000
NA,"World",NA,NA,"Export quantity","Fruits and vegetables","t","Balance",2013,204264000
NA,"World",NA,NA,"Export quantity","Fruits and vegetables","t","Balance",2014,209567000
NA,"World",NA,NA,"Export quantity","Fruits and vegetables","t","Balance",2015,210906000
NA,"World",NA,NA,"Export quantity","Fruits and vegetables","t","Balance",2016,219422000
NA,"World",NA,NA,"Export quantity","Fruits and vegetables","t","Balance",2017,226869000
NA,"World",NA,NA,"Export quantity","Fruits and vegetables","t","Balance",2018,230582000
NA,"World",NA,NA,"Export quantity","Fruits and vegetables","t","Balance",2019,233290000
NA,"World",NA,NA,"Export quantity","Fruits and vegetables","t","Balance",2020,242279000
NA,"World",NA,NA,"Export quantity","Fruits and vegetables","t","Balance",2021,247410000
NA,"World",NA,NA,"Export quantity","Fruits and vegetables","t","Balance",2022,250050000
NA,"World",NA,NA,"Export quantity","Fruits and vegetables","t","Balance",2023,236680000
NA,"World",NA,NA,"Export quantity","Meat","t","Balance",2010,46205000
NA,"World",NA,NA,"Export quantity","Meat","t","Balance",2011,48555000
NA,"World",NA,NA,"Export quantity","Meat","t","Balance",2012,48830000
NA,"World",NA,NA,"Export quantity","Meat","t","Balance",2013,50540000
NA,"World",NA,NA,"Export quantity","Meat","t","Balance",2014,52238000
NA,"World",NA,NA,"Export quantity","Meat","t","Balance",2015,52010000
NA,"World",NA,NA,"Export quantity","Meat","t","Balance",2016,54059000
NA,"World",NA,NA,"Export quantity","Meat","t","Balance",2017,55908000
NA,"World",NA,NA,"Export quantity","Meat","t","Balance",2018,56832000
NA,"World",NA,NA,"Export quantity","Meat","t","Balance",2019,58497000
NA,"World",NA,NA,"Export quantity","Meat","t","Balance",2020,59383000
NA,"World",NA,NA,"Export quantity","Meat","t","Balance",2021,61097000
NA,"World",NA,NA,"Export quantity","Meat","t","Balance",2022,60957000
NA,"World",NA,NA,"Export quantity","Meat","t","Balance",2023,59866000
NA,"World",NA,NA,"Export quantity","Pulses","t","Balance",2010,12771000
NA,"World",NA,NA,"Export quantity","Pulses","t","Balance",2011,13756000
NA,"World",NA,NA,"Export quantity","Pulses","t","Balance",2012,13733000
NA,"World",NA,NA,"Export quantity","Pulses","t","Balance",2013,14301000
NA,"World",NA,NA,"Export quantity","Pulses","t","Balance",2014,15268000
NA,"World",NA,NA,"Export quantity","Pulses","t","Balance",2015,16380000
NA,"World",NA,NA,"Export quantity","Pulses","t","Balance",2016,18150000
NA,"World",NA,NA,"Export quantity","Pulses","t","Balance",2017,20268000
NA,"World",NA,NA,"Export quantity","Pulses","t","Balance",2018,18554000
NA,"World",NA,NA,"Export quantity","Pulses","t","Balance",2019,19130000
NA,"World",NA,NA,"Export quantity","Pulses","t","Balance",2020,20847000
NA,"World",NA,NA,"Export quantity","Pulses","t","Balance",2021,20222000
NA,"World",NA,NA,"Export quantity","Pulses","t","Balance",2022,21095000
NA,"World",NA,NA,"Export quantity","Pulses","t","Balance",2023,24604000
NA,"World",NA,NA,"Export quantity","Starchy roots","t","Balance",2010,52052000
NA,"World",NA,NA,"Export quantity","Starchy roots","t","Balance",2011,54824000
NA,"World",NA,NA,"Export quantity","Starchy roots","t","Balance",2012,62149000
NA,"World",NA,NA,"Export quantity","Starchy roots","t","Balance",2013,63758000
NA,"World",NA,NA,"Export quantity","Starchy roots","t","Balance",2014,68714000
NA,"World",NA,NA,"Export quantity","Starchy roots","t","Balance",2015,74748000
NA,"World",NA,NA,"Export quantity","Starchy roots","t","Balance",2016,74175000
NA,"World",NA,NA,"Export quantity","Starchy roots","t","Balance",2017,79890000
NA,"World",NA,NA,"Export quantity","Starchy roots","t","Balance",2018,67462000
NA,"World",NA,NA,"Export quantity","Starchy roots","t","Balance",2019,66287000
NA,"World",NA,NA,"Export quantity","Starchy roots","t","Balance",2020,67797000
NA,"World",NA,NA,"Export quantity","Starchy roots","t","Balance",2021,83218000
NA,"World",NA,NA,"Export quantity","Starchy roots","t","Balance",2022,85782000
NA,"World",NA,NA,"Export quantity","Starchy roots","t","Balance",2023,84826000
NA,"World",NA,NA,"Export quantity","Sugar","t","Balance",2010,86584000
NA,"World",NA,NA,"Export quantity","Sugar","t","Balance",2011,85732000
NA,"World",NA,NA,"Export quantity","Sugar","t","Balance",2012,87327000
NA,"World",NA,NA,"Export quantity","Sugar","t","Balance",2013,93493000
NA,"World",NA,NA,"Export quantity","Sugar","t","Balance",2014,92559000
NA,"World",NA,NA,"Export quantity","Sugar","t","Balance",2015,96377000
NA,"World",NA,NA,"Export quantity","Sugar","t","Balance",2016,103009000
NA,"World",NA,NA,"Export quantity","Sugar","t","Balance",2017,105429000
NA,"World",NA,NA,"Export quantity","Sugar","t","Balance",2018,101715000
NA,"World",NA,NA,"Export quantity","Sugar","t","Balance",2019,100849000
NA,"World",NA,NA,"Export quantity","Sugar","t","Balance",2020,109625000
NA,"World",NA,NA,"Export quantity","Sugar","t","Balance",2021,110575000
NA,"World",NA,NA,"Export quantity","Sugar","t","Balance",2022,116135000
NA,"World",NA,NA,"Export quantity","Sugar","t","Balance",2023,111742000
NA,"World",NA,NA,"Fat supply quantity (g/capita/day)","Beverages and other","g/cap/d","Per capita",2010,2.02
NA,"World",NA,NA,"Fat supply quantity (g/capita/day)","Beverages and other","g/cap/d","Per capita",2011,2.17
NA,"World",NA,NA,"Fat supply quantity (g/capita/day)","Beverages and other","g/cap/d","Per capita",2012,2.16
NA,"World",NA,NA,"Fat supply quantity (g/capita/day)","Beverages and other","g/cap/d","Per capita",2013,2.1100000000000003
NA,"World",NA,NA,"Fat supply quantity (g/capita/day)","Beverages and other","g/cap/d","Per capita",2014,2.0900000000000003
NA,"World",NA,NA,"Fat supply quantity (g/capita/day)","Beverages and other","g/cap/d","Per capita",2015,2.16
NA,"World",NA,NA,"Fat supply quantity (g/capita/day)","Beverages and other","g/cap/d","Per capita",2016,2.15
NA,"World",NA,NA,"Fat supply quantity (g/capita/day)","Beverages and other","g/cap/d","Per capita",2017,2.27
NA,"World",NA,NA,"Fat supply quantity (g/capita/day)","Beverages and other","g/cap/d","Per capita",2018,2.39
NA,"World",NA,NA,"Fat supply quantity (g/capita/day)","Beverages and other","g/cap/d","Per capita",2019,2.29
NA,"World",NA,NA,"Fat supply quantity (g/capita/day)","Beverages and other","g/cap/d","Per capita",2020,2.41
NA,"World",NA,NA,"Fat supply quantity (g/capita/day)","Beverages and other","g/cap/d","Per capita",2021,2.54
NA,"World",NA,NA,"Fat supply quantity (g/capita/day)","Beverages and other","g/cap/d","Per capita",2022,2.56
NA,"World",NA,NA,"Fat supply quantity (g/capita/day)","Beverages and other","g/cap/d","Per capita",2023,2.58
NA,"World",NA,NA,"Fat supply quantity (g/capita/day)","Cereals","g/cap/d","Per capita",2010,6.53
NA,"World",NA,NA,"Fat supply quantity (g/capita/day)","Cereals","g/cap/d","Per capita",2011,6.54
NA,"World",NA,NA,"Fat supply quantity (g/capita/day)","Cereals","g/cap/d","Per capita",2012,6.53
NA,"World",NA,NA,"Fat supply quantity (g/capita/day)","Cereals","g/cap/d","Per capita",2013,6.54
NA,"World",NA,NA,"Fat supply quantity (g/capita/day)","Cereals","g/cap/d","Per capita",2014,6.58
NA,"World",NA,NA,"Fat supply quantity (g/capita/day)","Cereals","g/cap/d","Per capita",2015,6.66
NA,"World",NA,NA,"Fat supply quantity (g/capita/day)","Cereals","g/cap/d","Per capita",2016,6.7
NA,"World",NA,NA,"Fat supply quantity (g/capita/day)","Cereals","g/cap/d","Per capita",2017,6.72
NA,"World",NA,NA,"Fat supply quantity (g/capita/day)","Cereals","g/cap/d","Per capita",2018,6.68
NA,"World",NA,NA,"Fat supply quantity (g/capita/day)","Cereals","g/cap/d","Per capita",2019,6.66
NA,"World",NA,NA,"Fat supply quantity (g/capita/day)","Cereals","g/cap/d","Per capita",2020,6.73
NA,"World",NA,NA,"Fat supply quantity (g/capita/day)","Cereals","g/cap/d","Per capita",2021,6.72
NA,"World",NA,NA,"Fat supply quantity (g/capita/day)","Cereals","g/cap/d","Per capita",2022,6.77
NA,"World",NA,NA,"Fat supply quantity (g/capita/day)","Cereals","g/cap/d","Per capita",2023,6.82
NA,"World",NA,NA,"Fat supply quantity (g/capita/day)","Dairy and eggs (excl. butter)","g/cap/d","Per capita",2010,20.4
NA,"World",NA,NA,"Fat supply quantity (g/capita/day)","Dairy and eggs (excl. butter)","g/cap/d","Per capita",2011,20.56
NA,"World",NA,NA,"Fat supply quantity (g/capita/day)","Dairy and eggs (excl. butter)","g/cap/d","Per capita",2012,20.759999999999998
NA,"World",NA,NA,"Fat supply quantity (g/capita/day)","Dairy and eggs (excl. butter)","g/cap/d","Per capita",2013,20.64
NA,"World",NA,NA,"Fat supply quantity (g/capita/day)","Dairy and eggs (excl. butter)","g/cap/d","Per capita",2014,20.94
NA,"World",NA,NA,"Fat supply quantity (g/capita/day)","Dairy and eggs (excl. butter)","g/cap/d","Per capita",2015,20.939999999999998
NA,"World",NA,NA,"Fat supply quantity (g/capita/day)","Dairy and eggs (excl. butter)","g/cap/d","Per capita",2016,21.16
NA,"World",NA,NA,"Fat supply quantity (g/capita/day)","Dairy and eggs (excl. butter)","g/cap/d","Per capita",2017,21.44
NA,"World",NA,NA,"Fat supply quantity (g/capita/day)","Dairy and eggs (excl. butter)","g/cap/d","Per capita",2018,21.86
NA,"World",NA,NA,"Fat supply quantity (g/capita/day)","Dairy and eggs (excl. butter)","g/cap/d","Per capita",2019,22.7
NA,"World",NA,NA,"Fat supply quantity (g/capita/day)","Dairy and eggs (excl. butter)","g/cap/d","Per capita",2020,23.419999999999998
NA,"World",NA,NA,"Fat supply quantity (g/capita/day)","Dairy and eggs (excl. butter)","g/cap/d","Per capita",2021,23.86
NA,"World",NA,NA,"Fat supply quantity (g/capita/day)","Dairy and eggs (excl. butter)","g/cap/d","Per capita",2022,23.96
NA,"World",NA,NA,"Fat supply quantity (g/capita/day)","Dairy and eggs (excl. butter)","g/cap/d","Per capita",2023,24.240000000000002
NA,"World",NA,NA,"Fat supply quantity (g/capita/day)","Fats and oils","g/cap/d","Per capita",2010,41.18
NA,"World",NA,NA,"Fat supply quantity (g/capita/day)","Fats and oils","g/cap/d","Per capita",2011,41.160000000000004
NA,"World",NA,NA,"Fat supply quantity (g/capita/day)","Fats and oils","g/cap/d","Per capita",2012,41.95
NA,"World",NA,NA,"Fat supply quantity (g/capita/day)","Fats and oils","g/cap/d","Per capita",2013,42.01
NA,"World",NA,NA,"Fat supply quantity (g/capita/day)","Fats and oils","g/cap/d","Per capita",2014,43
NA,"World",NA,NA,"Fat supply quantity (g/capita/day)","Fats and oils","g/cap/d","Per capita",2015,43.05
NA,"World",NA,NA,"Fat supply quantity (g/capita/day)","Fats and oils","g/cap/d","Per capita",2016,43.18
NA,"World",NA,NA,"Fat supply quantity (g/capita/day)","Fats and oils","g/cap/d","Per capita",2017,44.35
NA,"World",NA,NA,"Fat supply quantity (g/capita/day)","Fats and oils","g/cap/d","Per capita",2018,44.96
NA,"World",NA,NA,"Fat supply quantity (g/capita/day)","Fats and oils","g/cap/d","Per capita",2019,46.44
NA,"World",NA,NA,"Fat supply quantity (g/capita/day)","Fats and oils","g/cap/d","Per capita",2020,47.05
NA,"World",NA,NA,"Fat supply quantity (g/capita/day)","Fats and oils","g/cap/d","Per capita",2021,47.82
NA,"World",NA,NA,"Fat supply quantity (g/capita/day)","Fats and oils","g/cap/d","Per capita",2022,47.589999999999996
NA,"World",NA,NA,"Fat supply quantity (g/capita/day)","Fats and oils","g/cap/d","Per capita",2023,48.36
NA,"World",NA,NA,"Fat supply quantity (g/capita/day)","Fish and seafood","g/cap/d","Per capita",2010,1.35
NA,"World",NA,NA,"Fat supply quantity (g/capita/day)","Fish and seafood","g/cap/d","Per capita",2011,1.37
NA,"World",NA,NA,"Fat supply quantity (g/capita/day)","Fish and seafood","g/cap/d","Per capita",2012,1.38
NA,"World",NA,NA,"Fat supply quantity (g/capita/day)","Fish and seafood","g/cap/d","Per capita",2013,1.4
NA,"World",NA,NA,"Fat supply quantity (g/capita/day)","Fish and seafood","g/cap/d","Per capita",2014,1.45
NA,"World",NA,NA,"Fat supply quantity (g/capita/day)","Fish and seafood","g/cap/d","Per capita",2015,1.45
NA,"World",NA,NA,"Fat supply quantity (g/capita/day)","Fish and seafood","g/cap/d","Per capita",2016,1.46
NA,"World",NA,NA,"Fat supply quantity (g/capita/day)","Fish and seafood","g/cap/d","Per capita",2017,1.48
NA,"World",NA,NA,"Fat supply quantity (g/capita/day)","Fish and seafood","g/cap/d","Per capita",2018,1.5
NA,"World",NA,NA,"Fat supply quantity (g/capita/day)","Fish and seafood","g/cap/d","Per capita",2019,1.52
NA,"World",NA,NA,"Fat supply quantity (g/capita/day)","Fish and seafood","g/cap/d","Per capita",2020,1.49
NA,"World",NA,NA,"Fat supply quantity (g/capita/day)","Fish and seafood","g/cap/d","Per capita",2021,1.5
NA,"World",NA,NA,"Fat supply quantity (g/capita/day)","Fish and seafood","g/cap/d","Per capita",2022,1.49
NA,"World",NA,NA,"Fat supply quantity (g/capita/day)","Fish and seafood","g/cap/d","Per capita",2023,1.47
NA,"World",NA,NA,"Fat supply quantity (g/capita/day)","Fruits and vegetables","g/cap/d","Per capita",2010,1.3800000000000001
NA,"World",NA,NA,"Fat supply quantity (g/capita/day)","Fruits and vegetables","g/cap/d","Per capita",2011,1.3900000000000001
NA,"World",NA,NA,"Fat supply quantity (g/capita/day)","Fruits and vegetables","g/cap/d","Per capita",2012,1.42
NA,"World",NA,NA,"Fat supply quantity (g/capita/day)","Fruits and vegetables","g/cap/d","Per capita",2013,1.44
NA,"World",NA,NA,"Fat supply quantity (g/capita/day)","Fruits and vegetables","g/cap/d","Per capita",2014,1.47
NA,"World",NA,NA,"Fat supply quantity (g/capita/day)","Fruits and vegetables","g/cap/d","Per capita",2015,1.49
NA,"World",NA,NA,"Fat supply quantity (g/capita/day)","Fruits and vegetables","g/cap/d","Per capita",2016,1.48
NA,"World",NA,NA,"Fat supply quantity (g/capita/day)","Fruits and vegetables","g/cap/d","Per capita",2017,1.51
NA,"World",NA,NA,"Fat supply quantity (g/capita/day)","Fruits and vegetables","g/cap/d","Per capita",2018,1.56
NA,"World",NA,NA,"Fat supply quantity (g/capita/day)","Fruits and vegetables","g/cap/d","Per capita",2019,1.6
NA,"World",NA,NA,"Fat supply quantity (g/capita/day)","Fruits and vegetables","g/cap/d","Per capita",2020,1.64
NA,"World",NA,NA,"Fat supply quantity (g/capita/day)","Fruits and vegetables","g/cap/d","Per capita",2021,1.67
NA,"World",NA,NA,"Fat supply quantity (g/capita/day)","Fruits and vegetables","g/cap/d","Per capita",2022,1.69
NA,"World",NA,NA,"Fat supply quantity (g/capita/day)","Fruits and vegetables","g/cap/d","Per capita",2023,1.73
NA,"World",NA,NA,"Fat supply quantity (g/capita/day)","Meat","g/cap/d","Per capita",2010,14.42
NA,"World",NA,NA,"Fat supply quantity (g/capita/day)","Meat","g/cap/d","Per capita",2011,14.28
NA,"World",NA,NA,"Fat supply quantity (g/capita/day)","Meat","g/cap/d","Per capita",2012,14.27
NA,"World",NA,NA,"Fat supply quantity (g/capita/day)","Meat","g/cap/d","Per capita",2013,14.4
NA,"World",NA,NA,"Fat supply quantity (g/capita/day)","Meat","g/cap/d","Per capita",2014,14.58
NA,"World",NA,NA,"Fat supply quantity (g/capita/day)","Meat","g/cap/d","Per capita",2015,14.67
NA,"World",NA,NA,"Fat supply quantity (g/capita/day)","Meat","g/cap/d","Per capita",2016,14.719999999999999
NA,"World",NA,NA,"Fat supply quantity (g/capita/day)","Meat","g/cap/d","Per capita",2017,14.719999999999999
NA,"World",NA,NA,"Fat supply quantity (g/capita/day)","Meat","g/cap/d","Per capita",2018,14.950000000000001
NA,"World",NA,NA,"Fat supply quantity (g/capita/day)","Meat","g/cap/d","Per capita",2019,14.85
NA,"World",NA,NA,"Fat supply quantity (g/capita/day)","Meat","g/cap/d","Per capita",2020,14.25
NA,"World",NA,NA,"Fat supply quantity (g/capita/day)","Meat","g/cap/d","Per capita",2021,14.89
NA,"World",NA,NA,"Fat supply quantity (g/capita/day)","Meat","g/cap/d","Per capita",2022,15.51
NA,"World",NA,NA,"Fat supply quantity (g/capita/day)","Meat","g/cap/d","Per capita",2023,15.79
NA,"World",NA,NA,"Fat supply quantity (g/capita/day)","Pulses","g/cap/d","Per capita",2010,0.48000000000000004
NA,"World",NA,NA,"Fat supply quantity (g/capita/day)","Pulses","g/cap/d","Per capita",2011,0.47000000000000003
NA,"World",NA,NA,"Fat supply quantity (g/capita/day)","Pulses","g/cap/d","Per capita",2012,0.5
NA,"World",NA,NA,"Fat supply quantity (g/capita/day)","Pulses","g/cap/d","Per capita",2013,0.5
NA,"World",NA,NA,"Fat supply quantity (g/capita/day)","Pulses","g/cap/d","Per capita",2014,0.5
NA,"World",NA,NA,"Fat supply quantity (g/capita/day)","Pulses","g/cap/d","Per capita",2015,0.49000000000000005
NA,"World",NA,NA,"Fat supply quantity (g/capita/day)","Pulses","g/cap/d","Per capita",2016,0.46
NA,"World",NA,NA,"Fat supply quantity (g/capita/day)","Pulses","g/cap/d","Per capita",2017,0.53
NA,"World",NA,NA,"Fat supply quantity (g/capita/day)","Pulses","g/cap/d","Per capita",2018,0.51
NA,"World",NA,NA,"Fat supply quantity (g/capita/day)","Pulses","g/cap/d","Per capita",2019,0.52
NA,"World",NA,NA,"Fat supply quantity (g/capita/day)","Pulses","g/cap/d","Per capita",2020,0.52
NA,"World",NA,NA,"Fat supply quantity (g/capita/day)","Pulses","g/cap/d","Per capita",2021,0.53
NA,"World",NA,NA,"Fat supply quantity (g/capita/day)","Pulses","g/cap/d","Per capita",2022,0.5599999999999999
NA,"World",NA,NA,"Fat supply quantity (g/capita/day)","Pulses","g/cap/d","Per capita",2023,0.55
NA,"World",NA,NA,"Fat supply quantity (g/capita/day)","Starchy roots","g/cap/d","Per capita",2010,0.29
NA,"World",NA,NA,"Fat supply quantity (g/capita/day)","Starchy roots","g/cap/d","Per capita",2011,0.29
NA,"World",NA,NA,"Fat supply quantity (g/capita/day)","Starchy roots","g/cap/d","Per capita",2012,0.29
NA,"World",NA,NA,"Fat supply quantity (g/capita/day)","Starchy roots","g/cap/d","Per capita",2013,0.29
NA,"World",NA,NA,"Fat supply quantity (g/capita/day)","Starchy roots","g/cap/d","Per capita",2014,0.3
NA,"World",NA,NA,"Fat supply quantity (g/capita/day)","Starchy roots","g/cap/d","Per capita",2015,0.3
NA,"World",NA,NA,"Fat supply quantity (g/capita/day)","Starchy roots","g/cap/d","Per capita",2016,0.29
NA,"World",NA,NA,"Fat supply quantity (g/capita/day)","Starchy roots","g/cap/d","Per capita",2017,0.29
NA,"World",NA,NA,"Fat supply quantity (g/capita/day)","Starchy roots","g/cap/d","Per capita",2018,0.29
NA,"World",NA,NA,"Fat supply quantity (g/capita/day)","Starchy roots","g/cap/d","Per capita",2019,0.3
NA,"World",NA,NA,"Fat supply quantity (g/capita/day)","Starchy roots","g/cap/d","Per capita",2020,0.29000000000000004
NA,"World",NA,NA,"Fat supply quantity (g/capita/day)","Starchy roots","g/cap/d","Per capita",2021,0.29000000000000004
NA,"World",NA,NA,"Fat supply quantity (g/capita/day)","Starchy roots","g/cap/d","Per capita",2022,0.3
NA,"World",NA,NA,"Fat supply quantity (g/capita/day)","Starchy roots","g/cap/d","Per capita",2023,0.31
NA,"World",NA,NA,"Fat supply quantity (g/capita/day)","Sugar","g/cap/d","Per capita",2010,0.12
NA,"World",NA,NA,"Fat supply quantity (g/capita/day)","Sugar","g/cap/d","Per capita",2011,0.12
NA,"World",NA,NA,"Fat supply quantity (g/capita/day)","Sugar","g/cap/d","Per capita",2012,0.12
NA,"World",NA,NA,"Fat supply quantity (g/capita/day)","Sugar","g/cap/d","Per capita",2013,0.13
NA,"World",NA,NA,"Fat supply quantity (g/capita/day)","Sugar","g/cap/d","Per capita",2014,0.13
NA,"World",NA,NA,"Fat supply quantity (g/capita/day)","Sugar","g/cap/d","Per capita",2015,0.13
NA,"World",NA,NA,"Fat supply quantity (g/capita/day)","Sugar","g/cap/d","Per capita",2016,0.12000000000000001
NA,"World",NA,NA,"Fat supply quantity (g/capita/day)","Sugar","g/cap/d","Per capita",2017,0.13
NA,"World",NA,NA,"Fat supply quantity (g/capita/day)","Sugar","g/cap/d","Per capita",2018,0.12000000000000001
NA,"World",NA,NA,"Fat supply quantity (g/capita/day)","Sugar","g/cap/d","Per capita",2019,0.13
NA,"World",NA,NA,"Fat supply quantity (g/capita/day)","Sugar","g/cap/d","Per capita",2020,0.15
NA,"World",NA,NA,"Fat supply quantity (g/capita/day)","Sugar","g/cap/d","Per capita",2021,0.15
NA,"World",NA,NA,"Fat supply quantity (g/capita/day)","Sugar","g/cap/d","Per capita",2022,0.15
NA,"World",NA,NA,"Fat supply quantity (g/capita/day)","Sugar","g/cap/d","Per capita",2023,0.15
NA,"World",NA,NA,"Feed","Beverages and other","t","Balance",2010,5000
NA,"World",NA,NA,"Feed","Beverages and other","t","Balance",2011,4000
NA,"World",NA,NA,"Feed","Beverages and other","t","Balance",2012,6000
NA,"World",NA,NA,"Feed","Beverages and other","t","Balance",2013,5000
NA,"World",NA,NA,"Feed","Beverages and other","t","Balance",2014,6000
NA,"World",NA,NA,"Feed","Beverages and other","t","Balance",2015,6000
NA,"World",NA,NA,"Feed","Beverages and other","t","Balance",2016,5000
NA,"World",NA,NA,"Feed","Beverages and other","t","Balance",2017,5000
NA,"World",NA,NA,"Feed","Beverages and other","t","Balance",2018,6000
NA,"World",NA,NA,"Feed","Beverages and other","t","Balance",2019,7000
NA,"World",NA,NA,"Feed","Beverages and other","t","Balance",2020,8000
NA,"World",NA,NA,"Feed","Beverages and other","t","Balance",2021,52000
NA,"World",NA,NA,"Feed","Beverages and other","t","Balance",2022,52000
NA,"World",NA,NA,"Feed","Beverages and other","t","Balance",2023,54000
NA,"World",NA,NA,"Feed","Cereals","t","Balance",2010,803709000
NA,"World",NA,NA,"Feed","Cereals","t","Balance",2011,824150000
NA,"World",NA,NA,"Feed","Cereals","t","Balance",2012,832011000
NA,"World",NA,NA,"Feed","Cereals","t","Balance",2013,870560000
NA,"World",NA,NA,"Feed","Cereals","t","Balance",2014,889635000
NA,"World",NA,NA,"Feed","Cereals","t","Balance",2015,931299000
NA,"World",NA,NA,"Feed","Cereals","t","Balance",2016,958917000
NA,"World",NA,NA,"Feed","Cereals","t","Balance",2017,995445000
NA,"World",NA,NA,"Feed","Cereals","t","Balance",2018,1001860000
NA,"World",NA,NA,"Feed","Cereals","t","Balance",2019,1054679000
NA,"World",NA,NA,"Feed","Cereals","t","Balance",2020,1074100000
NA,"World",NA,NA,"Feed","Cereals","t","Balance",2021,1112307000
NA,"World",NA,NA,"Feed","Cereals","t","Balance",2022,1134954000
NA,"World",NA,NA,"Feed","Cereals","t","Balance",2023,1122217000
NA,"World",NA,NA,"Feed","Dairy and eggs (excl. butter)","t","Balance",2010,164448000
NA,"World",NA,NA,"Feed","Dairy and eggs (excl. butter)","t","Balance",2011,164286000
NA,"World",NA,NA,"Feed","Dairy and eggs (excl. butter)","t","Balance",2012,186616000
NA,"World",NA,NA,"Feed","Dairy and eggs (excl. butter)","t","Balance",2013,200314000
NA,"World",NA,NA,"Feed","Dairy and eggs (excl. butter)","t","Balance",2014,178766000
NA,"World",NA,NA,"Feed","Dairy and eggs (excl. butter)","t","Balance",2015,175062000
NA,"World",NA,NA,"Feed","Dairy and eggs (excl. butter)","t","Balance",2016,192156000
NA,"World",NA,NA,"Feed","Dairy and eggs (excl. butter)","t","Balance",2017,202238000
NA,"World",NA,NA,"Feed","Dairy and eggs (excl. butter)","t","Balance",2018,202044000
NA,"World",NA,NA,"Feed","Dairy and eggs (excl. butter)","t","Balance",2019,205588000
NA,"World",NA,NA,"Feed","Dairy and eggs (excl. butter)","t","Balance",2020,205794000
NA,"World",NA,NA,"Feed","Dairy and eggs (excl. butter)","t","Balance",2021,211862000
NA,"World",NA,NA,"Feed","Dairy and eggs (excl. butter)","t","Balance",2022,202232000
NA,"World",NA,NA,"Feed","Dairy and eggs (excl. butter)","t","Balance",2023,196838000
NA,"World",NA,NA,"Feed","Fats and oils","t","Balance",2010,46093000
NA,"World",NA,NA,"Feed","Fats and oils","t","Balance",2011,47556000
NA,"World",NA,NA,"Feed","Fats and oils","t","Balance",2012,55379000
NA,"World",NA,NA,"Feed","Fats and oils","t","Balance",2013,51707000
NA,"World",NA,NA,"Feed","Fats and oils","t","Balance",2014,53142000
NA,"World",NA,NA,"Feed","Fats and oils","t","Balance",2015,56645000
NA,"World",NA,NA,"Feed","Fats and oils","t","Balance",2016,54506000
NA,"World",NA,NA,"Feed","Fats and oils","t","Balance",2017,61335000
NA,"World",NA,NA,"Feed","Fats and oils","t","Balance",2018,53979000
NA,"World",NA,NA,"Feed","Fats and oils","t","Balance",2019,60367000
NA,"World",NA,NA,"Feed","Fats and oils","t","Balance",2020,65651000
NA,"World",NA,NA,"Feed","Fats and oils","t","Balance",2021,61451000
NA,"World",NA,NA,"Feed","Fats and oils","t","Balance",2022,61212000
NA,"World",NA,NA,"Feed","Fats and oils","t","Balance",2023,68431000
NA,"World",NA,NA,"Feed","Fish and seafood","t","Balance",2010,21527000
NA,"World",NA,NA,"Feed","Fish and seafood","t","Balance",2011,22128000
NA,"World",NA,NA,"Feed","Fish and seafood","t","Balance",2012,21013000
NA,"World",NA,NA,"Feed","Fish and seafood","t","Balance",2013,18430000
NA,"World",NA,NA,"Feed","Fish and seafood","t","Balance",2014,19487000
NA,"World",NA,NA,"Feed","Fish and seafood","t","Balance",2015,18501000
NA,"World",NA,NA,"Feed","Fish and seafood","t","Balance",2016,18610000
NA,"World",NA,NA,"Feed","Fish and seafood","t","Balance",2017,22528000
NA,"World",NA,NA,"Feed","Fish and seafood","t","Balance",2018,21866000
NA,"World",NA,NA,"Feed","Fish and seafood","t","Balance",2019,22251000
NA,"World",NA,NA,"Feed","Fish and seafood","t","Balance",2020,22717000
NA,"World",NA,NA,"Feed","Fish and seafood","t","Balance",2021,24479000
NA,"World",NA,NA,"Feed","Fish and seafood","t","Balance",2022,24479000
NA,"World",NA,NA,"Feed","Fish and seafood","t","Balance",2023,24479000
NA,"World",NA,NA,"Feed","Fruits and vegetables","t","Balance",2010,47080000
NA,"World",NA,NA,"Feed","Fruits and vegetables","t","Balance",2011,50546000
NA,"World",NA,NA,"Feed","Fruits and vegetables","t","Balance",2012,50699000
NA,"World",NA,NA,"Feed","Fruits and vegetables","t","Balance",2013,52060000
NA,"World",NA,NA,"Feed","Fruits and vegetables","t","Balance",2014,51824000
NA,"World",NA,NA,"Feed","Fruits and vegetables","t","Balance",2015,55297000
NA,"World",NA,NA,"Feed","Fruits and vegetables","t","Balance",2016,55191000
NA,"World",NA,NA,"Feed","Fruits and vegetables","t","Balance",2017,55231000
NA,"World",NA,NA,"Feed","Fruits and vegetables","t","Balance",2018,55319000
NA,"World",NA,NA,"Feed","Fruits and vegetables","t","Balance",2019,50695000
NA,"World",NA,NA,"Feed","Fruits and vegetables","t","Balance",2020,49384000
NA,"World",NA,NA,"Feed","Fruits and vegetables","t","Balance",2021,49498000
NA,"World",NA,NA,"Feed","Fruits and vegetables","t","Balance",2022,49396000
NA,"World",NA,NA,"Feed","Fruits and vegetables","t","Balance",2023,49233000
NA,"World",NA,NA,"Feed","Meat","t","Balance",2010,1072000
NA,"World",NA,NA,"Feed","Meat","t","Balance",2011,1090000
NA,"World",NA,NA,"Feed","Meat","t","Balance",2012,1051000
NA,"World",NA,NA,"Feed","Meat","t","Balance",2013,1061000
NA,"World",NA,NA,"Feed","Meat","t","Balance",2014,940000
NA,"World",NA,NA,"Feed","Meat","t","Balance",2015,978000
NA,"World",NA,NA,"Feed","Meat","t","Balance",2016,870000
NA,"World",NA,NA,"Feed","Meat","t","Balance",2017,929000
NA,"World",NA,NA,"Feed","Meat","t","Balance",2018,1023000
NA,"World",NA,NA,"Feed","Meat","t","Balance",2019,976000
NA,"World",NA,NA,"Feed","Meat","t","Balance",2020,1052000
NA,"World",NA,NA,"Feed","Meat","t","Balance",2021,1010000
NA,"World",NA,NA,"Feed","Meat","t","Balance",2022,976000
NA,"World",NA,NA,"Feed","Meat","t","Balance",2023,920000
NA,"World",NA,NA,"Feed","Pulses","t","Balance",2010,15401000
NA,"World",NA,NA,"Feed","Pulses","t","Balance",2011,15997000
NA,"World",NA,NA,"Feed","Pulses","t","Balance",2012,15991000
NA,"World",NA,NA,"Feed","Pulses","t","Balance",2013,16332000
NA,"World",NA,NA,"Feed","Pulses","t","Balance",2014,15379000
NA,"World",NA,NA,"Feed","Pulses","t","Balance",2015,16494000
NA,"World",NA,NA,"Feed","Pulses","t","Balance",2016,18989000
NA,"World",NA,NA,"Feed","Pulses","t","Balance",2017,20089000
NA,"World",NA,NA,"Feed","Pulses","t","Balance",2018,20045000
NA,"World",NA,NA,"Feed","Pulses","t","Balance",2019,20058000
NA,"World",NA,NA,"Feed","Pulses","t","Balance",2020,20066000
NA,"World",NA,NA,"Feed","Pulses","t","Balance",2021,20622000
NA,"World",NA,NA,"Feed","Pulses","t","Balance",2022,21824000
NA,"World",NA,NA,"Feed","Pulses","t","Balance",2023,22195000
NA,"World",NA,NA,"Feed","Starchy roots","t","Balance",2010,152351000
NA,"World",NA,NA,"Feed","Starchy roots","t","Balance",2011,158764000
NA,"World",NA,NA,"Feed","Starchy roots","t","Balance",2012,161756000
NA,"World",NA,NA,"Feed","Starchy roots","t","Balance",2013,163580000
NA,"World",NA,NA,"Feed","Starchy roots","t","Balance",2014,169260000
NA,"World",NA,NA,"Feed","Starchy roots","t","Balance",2015,167913000
NA,"World",NA,NA,"Feed","Starchy roots","t","Balance",2016,161525000
NA,"World",NA,NA,"Feed","Starchy roots","t","Balance",2017,161135000
NA,"World",NA,NA,"Feed","Starchy roots","t","Balance",2018,158283000
NA,"World",NA,NA,"Feed","Starchy roots","t","Balance",2019,159010000
NA,"World",NA,NA,"Feed","Starchy roots","t","Balance",2020,144023000
NA,"World",NA,NA,"Feed","Starchy roots","t","Balance",2021,145585000
NA,"World",NA,NA,"Feed","Starchy roots","t","Balance",2022,155812000
NA,"World",NA,NA,"Feed","Starchy roots","t","Balance",2023,153168000
NA,"World",NA,NA,"Feed","Sugar","t","Balance",2010,52642000
NA,"World",NA,NA,"Feed","Sugar","t","Balance",2011,73180000
NA,"World",NA,NA,"Feed","Sugar","t","Balance",2012,61577000
NA,"World",NA,NA,"Feed","Sugar","t","Balance",2013,56129000
NA,"World",NA,NA,"Feed","Sugar","t","Balance",2014,75324000
NA,"World",NA,NA,"Feed","Sugar","t","Balance",2015,87744000
NA,"World",NA,NA,"Feed","Sugar","t","Balance",2016,87159000
NA,"World",NA,NA,"Feed","Sugar","t","Balance",2017,82171000
NA,"World",NA,NA,"Feed","Sugar","t","Balance",2018,71522000
NA,"World",NA,NA,"Feed","Sugar","t","Balance",2019,83570000
NA,"World",NA,NA,"Feed","Sugar","t","Balance",2020,88986000
NA,"World",NA,NA,"Feed","Sugar","t","Balance",2021,92697000
NA,"World",NA,NA,"Feed","Sugar","t","Balance",2022,94946000
NA,"World",NA,NA,"Feed","Sugar","t","Balance",2023,138127000
NA,"World",NA,NA,"Food","Beverages and other","t","Balance",2010,308974000
NA,"World",NA,NA,"Food","Beverages and other","t","Balance",2011,317803000
NA,"World",NA,NA,"Food","Beverages and other","t","Balance",2012,322331000
NA,"World",NA,NA,"Food","Beverages and other","t","Balance",2013,323452000
NA,"World",NA,NA,"Food","Beverages and other","t","Balance",2014,334051000
NA,"World",NA,NA,"Food","Beverages and other","t","Balance",2015,333152000
NA,"World",NA,NA,"Food","Beverages and other","t","Balance",2016,333347000
NA,"World",NA,NA,"Food","Beverages and other","t","Balance",2017,335495000
NA,"World",NA,NA,"Food","Beverages and other","t","Balance",2018,336322000
NA,"World",NA,NA,"Food","Beverages and other","t","Balance",2019,341814000
NA,"World",NA,NA,"Food","Beverages and other","t","Balance",2020,347140000
NA,"World",NA,NA,"Food","Beverages and other","t","Balance",2021,362920000
NA,"World",NA,NA,"Food","Beverages and other","t","Balance",2022,368917000
NA,"World",NA,NA,"Food","Beverages and other","t","Balance",2023,363007000
NA,"World",NA,NA,"Food","Cereals","t","Balance",2010,1223348000
NA,"World",NA,NA,"Food","Cereals","t","Balance",2011,1247690000
NA,"World",NA,NA,"Food","Cereals","t","Balance",2012,1258334000
NA,"World",NA,NA,"Food","Cereals","t","Balance",2013,1277385000
NA,"World",NA,NA,"Food","Cereals","t","Balance",2014,1290898000
NA,"World",NA,NA,"Food","Cereals","t","Balance",2015,1313262000
NA,"World",NA,NA,"Food","Cereals","t","Balance",2016,1324994000
NA,"World",NA,NA,"Food","Cereals","t","Balance",2017,1346780000
NA,"World",NA,NA,"Food","Cereals","t","Balance",2018,1353347000
NA,"World",NA,NA,"Food","Cereals","t","Balance",2019,1359556000
NA,"World",NA,NA,"Food","Cereals","t","Balance",2020,1394934000
NA,"World",NA,NA,"Food","Cereals","t","Balance",2021,1395569000
NA,"World",NA,NA,"Food","Cereals","t","Balance",2022,1410884000
NA,"World",NA,NA,"Food","Cereals","t","Balance",2023,1426934000
NA,"World",NA,NA,"Food","Dairy and eggs (excl. butter)","t","Balance",2010,1144354000
NA,"World",NA,NA,"Food","Dairy and eggs (excl. butter)","t","Balance",2011,1171124000
NA,"World",NA,NA,"Food","Dairy and eggs (excl. butter)","t","Balance",2012,1207458000
NA,"World",NA,NA,"Food","Dairy and eggs (excl. butter)","t","Balance",2013,1217080000
NA,"World",NA,NA,"Food","Dairy and eggs (excl. butter)","t","Balance",2014,1255374000
NA,"World",NA,NA,"Food","Dairy and eggs (excl. butter)","t","Balance",2015,1268444000
NA,"World",NA,NA,"Food","Dairy and eggs (excl. butter)","t","Balance",2016,1296796000
NA,"World",NA,NA,"Food","Dairy and eggs (excl. butter)","t","Balance",2017,1327972000
NA,"World",NA,NA,"Food","Dairy and eggs (excl. butter)","t","Balance",2018,1369110000
NA,"World",NA,NA,"Food","Dairy and eggs (excl. butter)","t","Balance",2019,1434676000
NA,"World",NA,NA,"Food","Dairy and eggs (excl. butter)","t","Balance",2020,1482670000
NA,"World",NA,NA,"Food","Dairy and eggs (excl. butter)","t","Balance",2021,1529850000
NA,"World",NA,NA,"Food","Dairy and eggs (excl. butter)","t","Balance",2022,1551474000
NA,"World",NA,NA,"Food","Dairy and eggs (excl. butter)","t","Balance",2023,1580122000
NA,"World",NA,NA,"Food","Fats and oils","t","Balance",2010,149980000
NA,"World",NA,NA,"Food","Fats and oils","t","Balance",2011,149434000
NA,"World",NA,NA,"Food","Fats and oils","t","Balance",2012,155746000
NA,"World",NA,NA,"Food","Fats and oils","t","Balance",2013,159221000
NA,"World",NA,NA,"Food","Fats and oils","t","Balance",2014,163953000
NA,"World",NA,NA,"Food","Fats and oils","t","Balance",2015,164952000
NA,"World",NA,NA,"Food","Fats and oils","t","Balance",2016,168198000
NA,"World",NA,NA,"Food","Fats and oils","t","Balance",2017,173522000
NA,"World",NA,NA,"Food","Fats and oils","t","Balance",2018,181958000
NA,"World",NA,NA,"Food","Fats and oils","t","Balance",2019,190082000
NA,"World",NA,NA,"Food","Fats and oils","t","Balance",2020,195335000
NA,"World",NA,NA,"Food","Fats and oils","t","Balance",2021,198998000
NA,"World",NA,NA,"Food","Fats and oils","t","Balance",2022,200179000
NA,"World",NA,NA,"Food","Fats and oils","t","Balance",2023,204081000
NA,"World",NA,NA,"Food","Fish and seafood","t","Balance",2010,141327000
NA,"World",NA,NA,"Food","Fish and seafood","t","Balance",2011,143952000
NA,"World",NA,NA,"Food","Fish and seafood","t","Balance",2012,149358000
NA,"World",NA,NA,"Food","Fish and seafood","t","Balance",2013,154361000
NA,"World",NA,NA,"Food","Fish and seafood","t","Balance",2014,159736000
NA,"World",NA,NA,"Food","Fish and seafood","t","Balance",2015,164188000
NA,"World",NA,NA,"Food","Fish and seafood","t","Balance",2016,167678000
NA,"World",NA,NA,"Food","Fish and seafood","t","Balance",2017,172723000
NA,"World",NA,NA,"Food","Fish and seafood","t","Balance",2018,176201000
NA,"World",NA,NA,"Food","Fish and seafood","t","Balance",2019,181388000
NA,"World",NA,NA,"Food","Fish and seafood","t","Balance",2020,181620000
NA,"World",NA,NA,"Food","Fish and seafood","t","Balance",2021,185249000
NA,"World",NA,NA,"Food","Fish and seafood","t","Balance",2022,185249000
NA,"World",NA,NA,"Food","Fish and seafood","t","Balance",2023,185249000
NA,"World",NA,NA,"Food","Fruits and vegetables","t","Balance",2010,1439310000
NA,"World",NA,NA,"Food","Fruits and vegetables","t","Balance",2011,1485068000
NA,"World",NA,NA,"Food","Fruits and vegetables","t","Balance",2012,1525191000
NA,"World",NA,NA,"Food","Fruits and vegetables","t","Balance",2013,1561544000
NA,"World",NA,NA,"Food","Fruits and vegetables","t","Balance",2014,1600832000
NA,"World",NA,NA,"Food","Fruits and vegetables","t","Balance",2015,1635909000
NA,"World",NA,NA,"Food","Fruits and vegetables","t","Balance",2016,1660469000
NA,"World",NA,NA,"Food","Fruits and vegetables","t","Balance",2017,1695519000
NA,"World",NA,NA,"Food","Fruits and vegetables","t","Balance",2018,1734076000
NA,"World",NA,NA,"Food","Fruits and vegetables","t","Balance",2019,1772317000
NA,"World",NA,NA,"Food","Fruits and vegetables","t","Balance",2020,1798826000
NA,"World",NA,NA,"Food","Fruits and vegetables","t","Balance",2021,1838442000
NA,"World",NA,NA,"Food","Fruits and vegetables","t","Balance",2022,1871961000
NA,"World",NA,NA,"Food","Fruits and vegetables","t","Balance",2023,1890906000
NA,"World",NA,NA,"Food","Meat","t","Balance",2010,302313000
NA,"World",NA,NA,"Food","Meat","t","Balance",2011,304465000
NA,"World",NA,NA,"Food","Meat","t","Balance",2012,309995000
NA,"World",NA,NA,"Food","Meat","t","Balance",2013,316412000
NA,"World",NA,NA,"Food","Meat","t","Balance",2014,322056000
NA,"World",NA,NA,"Food","Meat","t","Balance",2015,327994000
NA,"World",NA,NA,"Food","Meat","t","Balance",2016,333949000
NA,"World",NA,NA,"Food","Meat","t","Balance",2017,338218000
NA,"World",NA,NA,"Food","Meat","t","Balance",2018,347506000
NA,"World",NA,NA,"Food","Meat","t","Balance",2019,352961000
NA,"World",NA,NA,"Food","Meat","t","Balance",2020,349938000
NA,"World",NA,NA,"Food","Meat","t","Balance",2021,362859000
NA,"World",NA,NA,"Food","Meat","t","Balance",2022,376331000
NA,"World",NA,NA,"Food","Meat","t","Balance",2023,385743000
NA,"World",NA,NA,"Food","Pulses","t","Balance",2010,46752000
NA,"World",NA,NA,"Food","Pulses","t","Balance",2011,47223000
NA,"World",NA,NA,"Food","Pulses","t","Balance",2012,49133000
NA,"World",NA,NA,"Food","Pulses","t","Balance",2013,50276000
NA,"World",NA,NA,"Food","Pulses","t","Balance",2014,51097000
NA,"World",NA,NA,"Food","Pulses","t","Balance",2015,51611000
NA,"World",NA,NA,"Food","Pulses","t","Balance",2016,52652000
NA,"World",NA,NA,"Food","Pulses","t","Balance",2017,57193000
NA,"World",NA,NA,"Food","Pulses","t","Balance",2018,55596000
NA,"World",NA,NA,"Food","Pulses","t","Balance",2019,56105000
NA,"World",NA,NA,"Food","Pulses","t","Balance",2020,58681000
NA,"World",NA,NA,"Food","Pulses","t","Balance",2021,59321000
NA,"World",NA,NA,"Food","Pulses","t","Balance",2022,62343000
NA,"World",NA,NA,"Food","Pulses","t","Balance",2023,61812000
NA,"World",NA,NA,"Food","Starchy roots","t","Balance",2010,465997000
NA,"World",NA,NA,"Food","Starchy roots","t","Balance",2011,477487000
NA,"World",NA,NA,"Food","Starchy roots","t","Balance",2012,486863000
NA,"World",NA,NA,"Food","Starchy roots","t","Balance",2013,489543000
NA,"World",NA,NA,"Food","Starchy roots","t","Balance",2014,503541000
NA,"World",NA,NA,"Food","Starchy roots","t","Balance",2015,496714000
NA,"World",NA,NA,"Food","Starchy roots","t","Balance",2016,500411000
NA,"World",NA,NA,"Food","Starchy roots","t","Balance",2017,507749000
NA,"World",NA,NA,"Food","Starchy roots","t","Balance",2018,514690000
NA,"World",NA,NA,"Food","Starchy roots","t","Balance",2019,523342000
NA,"World",NA,NA,"Food","Starchy roots","t","Balance",2020,528113000
NA,"World",NA,NA,"Food","Starchy roots","t","Balance",2021,540508000
NA,"World",NA,NA,"Food","Starchy roots","t","Balance",2022,554147000
NA,"World",NA,NA,"Food","Starchy roots","t","Balance",2023,565179000
NA,"World",NA,NA,"Food","Sugar","t","Balance",2010,210446000
NA,"World",NA,NA,"Food","Sugar","t","Balance",2011,218410000
NA,"World",NA,NA,"Food","Sugar","t","Balance",2012,224008000
NA,"World",NA,NA,"Food","Sugar","t","Balance",2013,228374000
NA,"World",NA,NA,"Food","Sugar","t","Balance",2014,236150000
NA,"World",NA,NA,"Food","Sugar","t","Balance",2015,235053000
NA,"World",NA,NA,"Food","Sugar","t","Balance",2016,239609000
NA,"World",NA,NA,"Food","Sugar","t","Balance",2017,243282000
NA,"World",NA,NA,"Food","Sugar","t","Balance",2018,237184000
NA,"World",NA,NA,"Food","Sugar","t","Balance",2019,243431000
NA,"World",NA,NA,"Food","Sugar","t","Balance",2020,239930000
NA,"World",NA,NA,"Food","Sugar","t","Balance",2021,243838000
NA,"World",NA,NA,"Food","Sugar","t","Balance",2022,251273000
NA,"World",NA,NA,"Food","Sugar","t","Balance",2023,259183000
NA,"World",NA,NA,"Food supply (kcal/capita/day)","Beverages and other","kcal/cap/d","Per capita",2010,103.81
NA,"World",NA,NA,"Food supply (kcal/capita/day)","Beverages and other","kcal/cap/d","Per capita",2011,107.13
NA,"World",NA,NA,"Food supply (kcal/capita/day)","Beverages and other","kcal/cap/d","Per capita",2012,106.78
NA,"World",NA,NA,"Food supply (kcal/capita/day)","Beverages and other","kcal/cap/d","Per capita",2013,104.17
NA,"World",NA,NA,"Food supply (kcal/capita/day)","Beverages and other","kcal/cap/d","Per capita",2014,108.91
NA,"World",NA,NA,"Food supply (kcal/capita/day)","Beverages and other","kcal/cap/d","Per capita",2015,106.45
NA,"World",NA,NA,"Food supply (kcal/capita/day)","Beverages and other","kcal/cap/d","Per capita",2016,105.05
NA,"World",NA,NA,"Food supply (kcal/capita/day)","Beverages and other","kcal/cap/d","Per capita",2017,106.51
NA,"World",NA,NA,"Food supply (kcal/capita/day)","Beverages and other","kcal/cap/d","Per capita",2018,107.88
NA,"World",NA,NA,"Food supply (kcal/capita/day)","Beverages and other","kcal/cap/d","Per capita",2019,107.32
NA,"World",NA,NA,"Food supply (kcal/capita/day)","Beverages and other","kcal/cap/d","Per capita",2020,106.33
NA,"World",NA,NA,"Food supply (kcal/capita/day)","Beverages and other","kcal/cap/d","Per capita",2021,109.54
NA,"World",NA,NA,"Food supply (kcal/capita/day)","Beverages and other","kcal/cap/d","Per capita",2022,111.9
NA,"World",NA,NA,"Food supply (kcal/capita/day)","Beverages and other","kcal/cap/d","Per capita",2023,109.91
NA,"World",NA,NA,"Food supply (kcal/capita/day)","Cereals","kcal/cap/d","Per capita",2010,1270.28
NA,"World",NA,NA,"Food supply (kcal/capita/day)","Cereals","kcal/cap/d","Per capita",2011,1278.56
NA,"World",NA,NA,"Food supply (kcal/capita/day)","Cereals","kcal/cap/d","Per capita",2012,1267.75
NA,"World",NA,NA,"Food supply (kcal/capita/day)","Cereals","kcal/cap/d","Per capita",2013,1271.26
NA,"World",NA,NA,"Food supply (kcal/capita/day)","Cereals","kcal/cap/d","Per capita",2014,1272.05
NA,"World",NA,NA,"Food supply (kcal/capita/day)","Cereals","kcal/cap/d","Per capita",2015,1278.5
NA,"World",NA,NA,"Food supply (kcal/capita/day)","Cereals","kcal/cap/d","Per capita",2016,1279.43
NA,"World",NA,NA,"Food supply (kcal/capita/day)","Cereals","kcal/cap/d","Per capita",2017,1284.1699999999998
NA,"World",NA,NA,"Food supply (kcal/capita/day)","Cereals","kcal/cap/d","Per capita",2018,1275.24
NA,"World",NA,NA,"Food supply (kcal/capita/day)","Cereals","kcal/cap/d","Per capita",2019,1264.32
NA,"World",NA,NA,"Food supply (kcal/capita/day)","Cereals","kcal/cap/d","Per capita",2020,1278.84
NA,"World",NA,NA,"Food supply (kcal/capita/day)","Cereals","kcal/cap/d","Per capita",2021,1271.3999999999999
NA,"World",NA,NA,"Food supply (kcal/capita/day)","Cereals","kcal/cap/d","Per capita",2022,1275.93
NA,"World",NA,NA,"Food supply (kcal/capita/day)","Cereals","kcal/cap/d","Per capita",2023,1280.09
NA,"World",NA,NA,"Food supply (kcal/capita/day)","Dairy and eggs (excl. butter)","kcal/cap/d","Per capita",2010,346.48
NA,"World",NA,NA,"Food supply (kcal/capita/day)","Dairy and eggs (excl. butter)","kcal/cap/d","Per capita",2011,349.46
NA,"World",NA,NA,"Food supply (kcal/capita/day)","Dairy and eggs (excl. butter)","kcal/cap/d","Per capita",2012,353.70000000000005
NA,"World",NA,NA,"Food supply (kcal/capita/day)","Dairy and eggs (excl. butter)","kcal/cap/d","Per capita",2013,351.73999999999995
NA,"World",NA,NA,"Food supply (kcal/capita/day)","Dairy and eggs (excl. butter)","kcal/cap/d","Per capita",2014,358.24
NA,"World",NA,NA,"Food supply (kcal/capita/day)","Dairy and eggs (excl. butter)","kcal/cap/d","Per capita",2015,357.64
NA,"World",NA,NA,"Food supply (kcal/capita/day)","Dairy and eggs (excl. butter)","kcal/cap/d","Per capita",2016,360.84
NA,"World",NA,NA,"Food supply (kcal/capita/day)","Dairy and eggs (excl. butter)","kcal/cap/d","Per capita",2017,365.88
NA,"World",NA,NA,"Food supply (kcal/capita/day)","Dairy and eggs (excl. butter)","kcal/cap/d","Per capita",2018,373.6
NA,"World",NA,NA,"Food supply (kcal/capita/day)","Dairy and eggs (excl. butter)","kcal/cap/d","Per capita",2019,390.66
NA,"World",NA,NA,"Food supply (kcal/capita/day)","Dairy and eggs (excl. butter)","kcal/cap/d","Per capita",2020,401.70000000000005
NA,"World",NA,NA,"Food supply (kcal/capita/day)","Dairy and eggs (excl. butter)","kcal/cap/d","Per capita",2021,410.14
NA,"World",NA,NA,"Food supply (kcal/capita/day)","Dairy and eggs (excl. butter)","kcal/cap/d","Per capita",2022,412.28
NA,"World",NA,NA,"Food supply (kcal/capita/day)","Dairy and eggs (excl. butter)","kcal/cap/d","Per capita",2023,417.64
NA,"World",NA,NA,"Food supply (kcal/capita/day)","Fats and oils","kcal/cap/d","Per capita",2010,392.65
NA,"World",NA,NA,"Food supply (kcal/capita/day)","Fats and oils","kcal/cap/d","Per capita",2011,391.71
NA,"World",NA,NA,"Food supply (kcal/capita/day)","Fats and oils","kcal/cap/d","Per capita",2012,399.01
NA,"World",NA,NA,"Food supply (kcal/capita/day)","Fats and oils","kcal/cap/d","Per capita",2013,400.01
NA,"World",NA,NA,"Food supply (kcal/capita/day)","Fats and oils","kcal/cap/d","Per capita",2014,410.15000000000003
NA,"World",NA,NA,"Food supply (kcal/capita/day)","Fats and oils","kcal/cap/d","Per capita",2015,410.38
NA,"World",NA,NA,"Food supply (kcal/capita/day)","Fats and oils","kcal/cap/d","Per capita",2016,412.53
NA,"World",NA,NA,"Food supply (kcal/capita/day)","Fats and oils","kcal/cap/d","Per capita",2017,423.79
NA,"World",NA,NA,"Food supply (kcal/capita/day)","Fats and oils","kcal/cap/d","Per capita",2018,430.01
NA,"World",NA,NA,"Food supply (kcal/capita/day)","Fats and oils","kcal/cap/d","Per capita",2019,443.78000000000003
NA,"World",NA,NA,"Food supply (kcal/capita/day)","Fats and oils","kcal/cap/d","Per capita",2020,450.38
NA,"World",NA,NA,"Food supply (kcal/capita/day)","Fats and oils","kcal/cap/d","Per capita",2021,456.95
NA,"World",NA,NA,"Food supply (kcal/capita/day)","Fats and oils","kcal/cap/d","Per capita",2022,454.91
NA,"World",NA,NA,"Food supply (kcal/capita/day)","Fats and oils","kcal/cap/d","Per capita",2023,462.18
NA,"World",NA,NA,"Food supply (kcal/capita/day)","Fish and seafood","kcal/cap/d","Per capita",2010,34.75
NA,"World",NA,NA,"Food supply (kcal/capita/day)","Fish and seafood","kcal/cap/d","Per capita",2011,35.03
NA,"World",NA,NA,"Food supply (kcal/capita/day)","Fish and seafood","kcal/cap/d","Per capita",2012,35.55
NA,"World",NA,NA,"Food supply (kcal/capita/day)","Fish and seafood","kcal/cap/d","Per capita",2013,36.160000000000004
NA,"World",NA,NA,"Food supply (kcal/capita/day)","Fish and seafood","kcal/cap/d","Per capita",2014,37.03
NA,"World",NA,NA,"Food supply (kcal/capita/day)","Fish and seafood","kcal/cap/d","Per capita",2015,37.53
NA,"World",NA,NA,"Food supply (kcal/capita/day)","Fish and seafood","kcal/cap/d","Per capita",2016,37.75
NA,"World",NA,NA,"Food supply (kcal/capita/day)","Fish and seafood","kcal/cap/d","Per capita",2017,38.4
NA,"World",NA,NA,"Food supply (kcal/capita/day)","Fish and seafood","kcal/cap/d","Per capita",2018,38.81
NA,"World",NA,NA,"Food supply (kcal/capita/day)","Fish and seafood","kcal/cap/d","Per capita",2019,39.339999999999996
NA,"World",NA,NA,"Food supply (kcal/capita/day)","Fish and seafood","kcal/cap/d","Per capita",2020,38.870000000000005
NA,"World",NA,NA,"Food supply (kcal/capita/day)","Fish and seafood","kcal/cap/d","Per capita",2021,39.27
NA,"World",NA,NA,"Food supply (kcal/capita/day)","Fish and seafood","kcal/cap/d","Per capita",2022,38.93
NA,"World",NA,NA,"Food supply (kcal/capita/day)","Fish and seafood","kcal/cap/d","Per capita",2023,38.61
NA,"World",NA,NA,"Food supply (kcal/capita/day)","Fruits and vegetables","kcal/cap/d","Per capita",2010,197.2
NA,"World",NA,NA,"Food supply (kcal/capita/day)","Fruits and vegetables","kcal/cap/d","Per capita",2011,200.51
NA,"World",NA,NA,"Food supply (kcal/capita/day)","Fruits and vegetables","kcal/cap/d","Per capita",2012,202.49
NA,"World",NA,NA,"Food supply (kcal/capita/day)","Fruits and vegetables","kcal/cap/d","Per capita",2013,205.35
NA,"World",NA,NA,"Food supply (kcal/capita/day)","Fruits and vegetables","kcal/cap/d","Per capita",2014,207.54
NA,"World",NA,NA,"Food supply (kcal/capita/day)","Fruits and vegetables","kcal/cap/d","Per capita",2015,210.79
NA,"World",NA,NA,"Food supply (kcal/capita/day)","Fruits and vegetables","kcal/cap/d","Per capita",2016,210.73000000000002
NA,"World",NA,NA,"Food supply (kcal/capita/day)","Fruits and vegetables","kcal/cap/d","Per capita",2017,213.07999999999998
NA,"World",NA,NA,"Food supply (kcal/capita/day)","Fruits and vegetables","kcal/cap/d","Per capita",2018,216.18
NA,"World",NA,NA,"Food supply (kcal/capita/day)","Fruits and vegetables","kcal/cap/d","Per capita",2019,220.37
NA,"World",NA,NA,"Food supply (kcal/capita/day)","Fruits and vegetables","kcal/cap/d","Per capita",2020,221.21
NA,"World",NA,NA,"Food supply (kcal/capita/day)","Fruits and vegetables","kcal/cap/d","Per capita",2021,224.77
NA,"World",NA,NA,"Food supply (kcal/capita/day)","Fruits and vegetables","kcal/cap/d","Per capita",2022,227.11
NA,"World",NA,NA,"Food supply (kcal/capita/day)","Fruits and vegetables","kcal/cap/d","Per capita",2023,228.23
NA,"World",NA,NA,"Food supply (kcal/capita/day)","Meat","kcal/cap/d","Per capita",2010,203.31
NA,"World",NA,NA,"Food supply (kcal/capita/day)","Meat","kcal/cap/d","Per capita",2011,201.81
NA,"World",NA,NA,"Food supply (kcal/capita/day)","Meat","kcal/cap/d","Per capita",2012,201.89
NA,"World",NA,NA,"Food supply (kcal/capita/day)","Meat","kcal/cap/d","Per capita",2013,203.56
NA,"World",NA,NA,"Food supply (kcal/capita/day)","Meat","kcal/cap/d","Per capita",2014,205.55
NA,"World",NA,NA,"Food supply (kcal/capita/day)","Meat","kcal/cap/d","Per capita",2015,206.88
NA,"World",NA,NA,"Food supply (kcal/capita/day)","Meat","kcal/cap/d","Per capita",2016,207.82
NA,"World",NA,NA,"Food supply (kcal/capita/day)","Meat","kcal/cap/d","Per capita",2017,207.91
NA,"World",NA,NA,"Food supply (kcal/capita/day)","Meat","kcal/cap/d","Per capita",2018,211.29
NA,"World",NA,NA,"Food supply (kcal/capita/day)","Meat","kcal/cap/d","Per capita",2019,210.71
NA,"World",NA,NA,"Food supply (kcal/capita/day)","Meat","kcal/cap/d","Per capita",2020,204.44
NA,"World",NA,NA,"Food supply (kcal/capita/day)","Meat","kcal/cap/d","Per capita",2021,212.10999999999999
NA,"World",NA,NA,"Food supply (kcal/capita/day)","Meat","kcal/cap/d","Per capita",2022,219.75
NA,"World",NA,NA,"Food supply (kcal/capita/day)","Meat","kcal/cap/d","Per capita",2023,223.68
NA,"World",NA,NA,"Food supply (kcal/capita/day)","Pulses","kcal/cap/d","Per capita",2010,59.67
NA,"World",NA,NA,"Food supply (kcal/capita/day)","Pulses","kcal/cap/d","Per capita",2011,59.55
NA,"World",NA,NA,"Food supply (kcal/capita/day)","Pulses","kcal/cap/d","Per capita",2012,60.86
NA,"World",NA,NA,"Food supply (kcal/capita/day)","Pulses","kcal/cap/d","Per capita",2013,61.519999999999996
NA,"World",NA,NA,"Food supply (kcal/capita/day)","Pulses","kcal/cap/d","Per capita",2014,61.73
NA,"World",NA,NA,"Food supply (kcal/capita/day)","Pulses","kcal/cap/d","Per capita",2015,61.57
NA,"World",NA,NA,"Food supply (kcal/capita/day)","Pulses","kcal/cap/d","Per capita",2016,62
NA,"World",NA,NA,"Food supply (kcal/capita/day)","Pulses","kcal/cap/d","Per capita",2017,66.75999999999999
NA,"World",NA,NA,"Food supply (kcal/capita/day)","Pulses","kcal/cap/d","Per capita",2018,64.22
NA,"World",NA,NA,"Food supply (kcal/capita/day)","Pulses","kcal/cap/d","Per capita",2019,64.06
NA,"World",NA,NA,"Food supply (kcal/capita/day)","Pulses","kcal/cap/d","Per capita",2020,66.33
NA,"World",NA,NA,"Food supply (kcal/capita/day)","Pulses","kcal/cap/d","Per capita",2021,66.48
NA,"World",NA,NA,"Food supply (kcal/capita/day)","Pulses","kcal/cap/d","Per capita",2022,69.34
NA,"World",NA,NA,"Food supply (kcal/capita/day)","Pulses","kcal/cap/d","Per capita",2023,68.18
NA,"World",NA,NA,"Food supply (kcal/capita/day)","Starchy roots","kcal/cap/d","Per capita",2010,154.61
NA,"World",NA,NA,"Food supply (kcal/capita/day)","Starchy roots","kcal/cap/d","Per capita",2011,156.38
NA,"World",NA,NA,"Food supply (kcal/capita/day)","Starchy roots","kcal/cap/d","Per capita",2012,156.17
NA,"World",NA,NA,"Food supply (kcal/capita/day)","Starchy roots","kcal/cap/d","Per capita",2013,155.17000000000002
NA,"World",NA,NA,"Food supply (kcal/capita/day)","Starchy roots","kcal/cap/d","Per capita",2014,158.19
NA,"World",NA,NA,"Food supply (kcal/capita/day)","Starchy roots","kcal/cap/d","Per capita",2015,154.33
NA,"World",NA,NA,"Food supply (kcal/capita/day)","Starchy roots","kcal/cap/d","Per capita",2016,153.59
NA,"World",NA,NA,"Food supply (kcal/capita/day)","Starchy roots","kcal/cap/d","Per capita",2017,153.59
NA,"World",NA,NA,"Food supply (kcal/capita/day)","Starchy roots","kcal/cap/d","Per capita",2018,154.58
NA,"World",NA,NA,"Food supply (kcal/capita/day)","Starchy roots","kcal/cap/d","Per capita",2019,155.53
NA,"World",NA,NA,"Food supply (kcal/capita/day)","Starchy roots","kcal/cap/d","Per capita",2020,155.14000000000001
NA,"World",NA,NA,"Food supply (kcal/capita/day)","Starchy roots","kcal/cap/d","Per capita",2021,157.22
NA,"World",NA,NA,"Food supply (kcal/capita/day)","Starchy roots","kcal/cap/d","Per capita",2022,159.79
NA,"World",NA,NA,"Food supply (kcal/capita/day)","Starchy roots","kcal/cap/d","Per capita",2023,161.59
NA,"World",NA,NA,"Food supply (kcal/capita/day)","Sugar","kcal/cap/d","Per capita",2010,238.68
NA,"World",NA,NA,"Food supply (kcal/capita/day)","Sugar","kcal/cap/d","Per capita",2011,243.09
NA,"World",NA,NA,"Food supply (kcal/capita/day)","Sugar","kcal/cap/d","Per capita",2012,246.19
NA,"World",NA,NA,"Food supply (kcal/capita/day)","Sugar","kcal/cap/d","Per capita",2013,246.10000000000002
NA,"World",NA,NA,"Food supply (kcal/capita/day)","Sugar","kcal/cap/d","Per capita",2014,249.73000000000002
NA,"World",NA,NA,"Food supply (kcal/capita/day)","Sugar","kcal/cap/d","Per capita",2015,246.6
NA,"World",NA,NA,"Food supply (kcal/capita/day)","Sugar","kcal/cap/d","Per capita",2016,249.45000000000002
NA,"World",NA,NA,"Food supply (kcal/capita/day)","Sugar","kcal/cap/d","Per capita",2017,247.47
NA,"World",NA,NA,"Food supply (kcal/capita/day)","Sugar","kcal/cap/d","Per capita",2018,244.6
NA,"World",NA,NA,"Food supply (kcal/capita/day)","Sugar","kcal/cap/d","Per capita",2019,244.76
NA,"World",NA,NA,"Food supply (kcal/capita/day)","Sugar","kcal/cap/d","Per capita",2020,233.92000000000002
NA,"World",NA,NA,"Food supply (kcal/capita/day)","Sugar","kcal/cap/d","Per capita",2021,235.69000000000003
NA,"World",NA,NA,"Food supply (kcal/capita/day)","Sugar","kcal/cap/d","Per capita",2022,237.54
NA,"World",NA,NA,"Food supply (kcal/capita/day)","Sugar","kcal/cap/d","Per capita",2023,238.2
NA,"World",NA,NA,"Food supply quantity (kg/capita/yr)","Beverages and other","kg/cap","Per capita",2010,44.47
NA,"World",NA,NA,"Food supply quantity (kg/capita/yr)","Beverages and other","kg/cap","Per capita",2011,45.18
NA,"World",NA,NA,"Food supply quantity (kg/capita/yr)","Beverages and other","kg/cap","Per capita",2012,45.02
NA,"World",NA,NA,"Food supply quantity (kg/capita/yr)","Beverages and other","kg/cap","Per capita",2013,44.62
NA,"World",NA,NA,"Food supply quantity (kg/capita/yr)","Beverages and other","kg/cap","Per capita",2014,45.51
NA,"World",NA,NA,"Food supply quantity (kg/capita/yr)","Beverages and other","kg/cap","Per capita",2015,44.839999999999996
NA,"World",NA,NA,"Food supply quantity (kg/capita/yr)","Beverages and other","kg/cap","Per capita",2016,44.36
NA,"World",NA,NA,"Food supply quantity (kg/capita/yr)","Beverages and other","kg/cap","Per capita",2017,44.12
NA,"World",NA,NA,"Food supply quantity (kg/capita/yr)","Beverages and other","kg/cap","Per capita",2018,43.75
NA,"World",NA,NA,"Food supply quantity (kg/capita/yr)","Beverages and other","kg/cap","Per capita",2019,43.910000000000004
NA,"World",NA,NA,"Food supply quantity (kg/capita/yr)","Beverages and other","kg/cap","Per capita",2020,44.15
NA,"World",NA,NA,"Food supply quantity (kg/capita/yr)","Beverages and other","kg/cap","Per capita",2021,45.79
NA,"World",NA,NA,"Food supply quantity (kg/capita/yr)","Beverages and other","kg/cap","Per capita",2022,46.17
NA,"World",NA,NA,"Food supply quantity (kg/capita/yr)","Beverages and other","kg/cap","Per capita",2023,45
NA,"World",NA,NA,"Food supply quantity (kg/capita/yr)","Cereals","kg/cap","Per capita",2010,176.05
NA,"World",NA,NA,"Food supply quantity (kg/capita/yr)","Cereals","kg/cap","Per capita",2011,177.34
NA,"World",NA,NA,"Food supply quantity (kg/capita/yr)","Cereals","kg/cap","Per capita",2012,175.71
NA,"World",NA,NA,"Food supply quantity (kg/capita/yr)","Cereals","kg/cap","Per capita",2013,176.16
NA,"World",NA,NA,"Food supply quantity (kg/capita/yr)","Cereals","kg/cap","Per capita",2014,175.87
NA,"World",NA,NA,"Food supply quantity (kg/capita/yr)","Cereals","kg/cap","Per capita",2015,176.77
NA,"World",NA,NA,"Food supply quantity (kg/capita/yr)","Cereals","kg/cap","Per capita",2016,176.28
NA,"World",NA,NA,"Food supply quantity (kg/capita/yr)","Cereals","kg/cap","Per capita",2017,177.12
NA,"World",NA,NA,"Food supply quantity (kg/capita/yr)","Cereals","kg/cap","Per capita",2018,176.04999999999998
NA,"World",NA,NA,"Food supply quantity (kg/capita/yr)","Cereals","kg/cap","Per capita",2019,174.65
NA,"World",NA,NA,"Food supply quantity (kg/capita/yr)","Cereals","kg/cap","Per capita",2020,177.48
NA,"World",NA,NA,"Food supply quantity (kg/capita/yr)","Cereals","kg/cap","Per capita",2021,176.03
NA,"World",NA,NA,"Food supply quantity (kg/capita/yr)","Cereals","kg/cap","Per capita",2022,176.5
NA,"World",NA,NA,"Food supply quantity (kg/capita/yr)","Cereals","kg/cap","Per capita",2023,176.96
NA,"World",NA,NA,"Food supply quantity (kg/capita/yr)","Dairy and eggs (excl. butter)","kg/cap","Per capita",2010,164.68
NA,"World",NA,NA,"Food supply quantity (kg/capita/yr)","Dairy and eggs (excl. butter)","kg/cap","Per capita",2011,166.45999999999998
NA,"World",NA,NA,"Food supply quantity (kg/capita/yr)","Dairy and eggs (excl. butter)","kg/cap","Per capita",2012,168.6
NA,"World",NA,NA,"Food supply quantity (kg/capita/yr)","Dairy and eggs (excl. butter)","kg/cap","Per capita",2013,167.84
NA,"World",NA,NA,"Food supply quantity (kg/capita/yr)","Dairy and eggs (excl. butter)","kg/cap","Per capita",2014,171.04
NA,"World",NA,NA,"Food supply quantity (kg/capita/yr)","Dairy and eggs (excl. butter)","kg/cap","Per capita",2015,170.76
NA,"World",NA,NA,"Food supply quantity (kg/capita/yr)","Dairy and eggs (excl. butter)","kg/cap","Per capita",2016,172.51999999999998
NA,"World",NA,NA,"Food supply quantity (kg/capita/yr)","Dairy and eggs (excl. butter)","kg/cap","Per capita",2017,174.66
NA,"World",NA,NA,"Food supply quantity (kg/capita/yr)","Dairy and eggs (excl. butter)","kg/cap","Per capita",2018,178.07999999999998
NA,"World",NA,NA,"Food supply quantity (kg/capita/yr)","Dairy and eggs (excl. butter)","kg/cap","Per capita",2019,184.29999999999998
NA,"World",NA,NA,"Food supply quantity (kg/capita/yr)","Dairy and eggs (excl. butter)","kg/cap","Per capita",2020,188.64000000000001
NA,"World",NA,NA,"Food supply quantity (kg/capita/yr)","Dairy and eggs (excl. butter)","kg/cap","Per capita",2021,192.98000000000002
NA,"World",NA,NA,"Food supply quantity (kg/capita/yr)","Dairy and eggs (excl. butter)","kg/cap","Per capita",2022,194.07999999999998
NA,"World",NA,NA,"Food supply quantity (kg/capita/yr)","Dairy and eggs (excl. butter)","kg/cap","Per capita",2023,195.94
NA,"World",NA,NA,"Food supply quantity (kg/capita/yr)","Fats and oils","kg/cap","Per capita",2010,21.6
NA,"World",NA,NA,"Food supply quantity (kg/capita/yr)","Fats and oils","kg/cap","Per capita",2011,21.240000000000002
NA,"World",NA,NA,"Food supply quantity (kg/capita/yr)","Fats and oils","kg/cap","Per capita",2012,21.72
NA,"World",NA,NA,"Food supply quantity (kg/capita/yr)","Fats and oils","kg/cap","Per capita",2013,21.95
NA,"World",NA,NA,"Food supply quantity (kg/capita/yr)","Fats and oils","kg/cap","Per capita",2014,22.330000000000002
NA,"World",NA,NA,"Food supply quantity (kg/capita/yr)","Fats and oils","kg/cap","Per capita",2015,22.189999999999998
NA,"World",NA,NA,"Food supply quantity (kg/capita/yr)","Fats and oils","kg/cap","Per capita",2016,22.37
NA,"World",NA,NA,"Food supply quantity (kg/capita/yr)","Fats and oils","kg/cap","Per capita",2017,22.81
NA,"World",NA,NA,"Food supply quantity (kg/capita/yr)","Fats and oils","kg/cap","Per capita",2018,23.68
NA,"World",NA,NA,"Food supply quantity (kg/capita/yr)","Fats and oils","kg/cap","Per capita",2019,24.41
NA,"World",NA,NA,"Food supply quantity (kg/capita/yr)","Fats and oils","kg/cap","Per capita",2020,24.82
NA,"World",NA,NA,"Food supply quantity (kg/capita/yr)","Fats and oils","kg/cap","Per capita",2021,25.11
NA,"World",NA,NA,"Food supply quantity (kg/capita/yr)","Fats and oils","kg/cap","Per capita",2022,25.03
NA,"World",NA,NA,"Food supply quantity (kg/capita/yr)","Fats and oils","kg/cap","Per capita",2023,25.31
NA,"World",NA,NA,"Food supply quantity (kg/capita/yr)","Fish and seafood","kg/cap","Per capita",2010,20.33
NA,"World",NA,NA,"Food supply quantity (kg/capita/yr)","Fish and seafood","kg/cap","Per capita",2011,20.47
NA,"World",NA,NA,"Food supply quantity (kg/capita/yr)","Fish and seafood","kg/cap","Per capita",2012,20.86
NA,"World",NA,NA,"Food supply quantity (kg/capita/yr)","Fish and seafood","kg/cap","Per capita",2013,21.29
NA,"World",NA,NA,"Food supply quantity (kg/capita/yr)","Fish and seafood","kg/cap","Per capita",2014,21.74
NA,"World",NA,NA,"Food supply quantity (kg/capita/yr)","Fish and seafood","kg/cap","Per capita",2015,22.1
NA,"World",NA,NA,"Food supply quantity (kg/capita/yr)","Fish and seafood","kg/cap","Per capita",2016,22.3
NA,"World",NA,NA,"Food supply quantity (kg/capita/yr)","Fish and seafood","kg/cap","Per capita",2017,22.7
NA,"World",NA,NA,"Food supply quantity (kg/capita/yr)","Fish and seafood","kg/cap","Per capita",2018,22.91
NA,"World",NA,NA,"Food supply quantity (kg/capita/yr)","Fish and seafood","kg/cap","Per capita",2019,23.31
NA,"World",NA,NA,"Food supply quantity (kg/capita/yr)","Fish and seafood","kg/cap","Per capita",2020,23.09
NA,"World",NA,NA,"Food supply quantity (kg/capita/yr)","Fish and seafood","kg/cap","Per capita",2021,23.380000000000003
NA,"World",NA,NA,"Food supply quantity (kg/capita/yr)","Fish and seafood","kg/cap","Per capita",2022,23.18
NA,"World",NA,NA,"Food supply quantity (kg/capita/yr)","Fish and seafood","kg/cap","Per capita",2023,22.96
NA,"World",NA,NA,"Food supply quantity (kg/capita/yr)","Fruits and vegetables","kg/cap","Per capita",2010,207.14000000000001
NA,"World",NA,NA,"Food supply quantity (kg/capita/yr)","Fruits and vegetables","kg/cap","Per capita",2011,211.06
NA,"World",NA,NA,"Food supply quantity (kg/capita/yr)","Fruits and vegetables","kg/cap","Per capita",2012,212.97
NA,"World",NA,NA,"Food supply quantity (kg/capita/yr)","Fruits and vegetables","kg/cap","Per capita",2013,215.37
NA,"World",NA,NA,"Food supply quantity (kg/capita/yr)","Fruits and vegetables","kg/cap","Per capita",2014,218.1
NA,"World",NA,NA,"Food supply quantity (kg/capita/yr)","Fruits and vegetables","kg/cap","Per capita",2015,220.22
NA,"World",NA,NA,"Food supply quantity (kg/capita/yr)","Fruits and vegetables","kg/cap","Per capita",2016,220.92999999999998
NA,"World",NA,NA,"Food supply quantity (kg/capita/yr)","Fruits and vegetables","kg/cap","Per capita",2017,222.98
NA,"World",NA,NA,"Food supply quantity (kg/capita/yr)","Fruits and vegetables","kg/cap","Per capita",2018,225.56
NA,"World",NA,NA,"Food supply quantity (kg/capita/yr)","Fruits and vegetables","kg/cap","Per capita",2019,227.66
NA,"World",NA,NA,"Food supply quantity (kg/capita/yr)","Fruits and vegetables","kg/cap","Per capita",2020,228.85999999999999
NA,"World",NA,NA,"Food supply quantity (kg/capita/yr)","Fruits and vegetables","kg/cap","Per capita",2021,231.92
NA,"World",NA,NA,"Food supply quantity (kg/capita/yr)","Fruits and vegetables","kg/cap","Per capita",2022,234.17
NA,"World",NA,NA,"Food supply quantity (kg/capita/yr)","Fruits and vegetables","kg/cap","Per capita",2023,234.49
NA,"World",NA,NA,"Food supply quantity (kg/capita/yr)","Meat","kg/cap","Per capita",2010,43.519999999999996
NA,"World",NA,NA,"Food supply quantity (kg/capita/yr)","Meat","kg/cap","Per capita",2011,43.28
NA,"World",NA,NA,"Food supply quantity (kg/capita/yr)","Meat","kg/cap","Per capita",2012,43.27
NA,"World",NA,NA,"Food supply quantity (kg/capita/yr)","Meat","kg/cap","Per capita",2013,43.64
NA,"World",NA,NA,"Food supply quantity (kg/capita/yr)","Meat","kg/cap","Per capita",2014,43.87
NA,"World",NA,NA,"Food supply quantity (kg/capita/yr)","Meat","kg/cap","Per capita",2015,44.16
NA,"World",NA,NA,"Food supply quantity (kg/capita/yr)","Meat","kg/cap","Per capita",2016,44.43
NA,"World",NA,NA,"Food supply quantity (kg/capita/yr)","Meat","kg/cap","Per capita",2017,44.48
NA,"World",NA,NA,"Food supply quantity (kg/capita/yr)","Meat","kg/cap","Per capita",2018,45.199999999999996
NA,"World",NA,NA,"Food supply quantity (kg/capita/yr)","Meat","kg/cap","Per capita",2019,45.339999999999996
NA,"World",NA,NA,"Food supply quantity (kg/capita/yr)","Meat","kg/cap","Per capita",2020,44.519999999999996
NA,"World",NA,NA,"Food supply quantity (kg/capita/yr)","Meat","kg/cap","Per capita",2021,45.77
NA,"World",NA,NA,"Food supply quantity (kg/capita/yr)","Meat","kg/cap","Per capita",2022,47.06
NA,"World",NA,NA,"Food supply quantity (kg/capita/yr)","Meat","kg/cap","Per capita",2023,47.83
NA,"World",NA,NA,"Food supply quantity (kg/capita/yr)","Pulses","kg/cap","Per capita",2010,6.7299999999999995
NA,"World",NA,NA,"Food supply quantity (kg/capita/yr)","Pulses","kg/cap","Per capita",2011,6.72
NA,"World",NA,NA,"Food supply quantity (kg/capita/yr)","Pulses","kg/cap","Per capita",2012,6.86
NA,"World",NA,NA,"Food supply quantity (kg/capita/yr)","Pulses","kg/cap","Per capita",2013,6.93
NA,"World",NA,NA,"Food supply quantity (kg/capita/yr)","Pulses","kg/cap","Per capita",2014,6.97
NA,"World",NA,NA,"Food supply quantity (kg/capita/yr)","Pulses","kg/cap","Per capita",2015,6.94
NA,"World",NA,NA,"Food supply quantity (kg/capita/yr)","Pulses","kg/cap","Per capita",2016,7
NA,"World",NA,NA,"Food supply quantity (kg/capita/yr)","Pulses","kg/cap","Per capita",2017,7.529999999999999
NA,"World",NA,NA,"Food supply quantity (kg/capita/yr)","Pulses","kg/cap","Per capita",2018,7.23
NA,"World",NA,NA,"Food supply quantity (kg/capita/yr)","Pulses","kg/cap","Per capita",2019,7.21
NA,"World",NA,NA,"Food supply quantity (kg/capita/yr)","Pulses","kg/cap","Per capita",2020,7.460000000000001
NA,"World",NA,NA,"Food supply quantity (kg/capita/yr)","Pulses","kg/cap","Per capita",2021,7.48
NA,"World",NA,NA,"Food supply quantity (kg/capita/yr)","Pulses","kg/cap","Per capita",2022,7.8
NA,"World",NA,NA,"Food supply quantity (kg/capita/yr)","Pulses","kg/cap","Per capita",2023,7.67
NA,"World",NA,NA,"Food supply quantity (kg/capita/yr)","Starchy roots","kg/cap","Per capita",2010,67.05
NA,"World",NA,NA,"Food supply quantity (kg/capita/yr)","Starchy roots","kg/cap","Per capita",2011,67.87
NA,"World",NA,NA,"Food supply quantity (kg/capita/yr)","Starchy roots","kg/cap","Per capita",2012,67.97999999999999
NA,"World",NA,NA,"Food supply quantity (kg/capita/yr)","Starchy roots","kg/cap","Per capita",2013,67.52
NA,"World",NA,NA,"Food supply quantity (kg/capita/yr)","Starchy roots","kg/cap","Per capita",2014,68.6
NA,"World",NA,NA,"Food supply quantity (kg/capita/yr)","Starchy roots","kg/cap","Per capita",2015,66.87
NA,"World",NA,NA,"Food supply quantity (kg/capita/yr)","Starchy roots","kg/cap","Per capita",2016,66.58
NA,"World",NA,NA,"Food supply quantity (kg/capita/yr)","Starchy roots","kg/cap","Per capita",2017,66.78999999999999
NA,"World",NA,NA,"Food supply quantity (kg/capita/yr)","Starchy roots","kg/cap","Per capita",2018,66.92999999999999
NA,"World",NA,NA,"Food supply quantity (kg/capita/yr)","Starchy roots","kg/cap","Per capita",2019,67.22999999999999
NA,"World",NA,NA,"Food supply quantity (kg/capita/yr)","Starchy roots","kg/cap","Per capita",2020,67.19
NA,"World",NA,NA,"Food supply quantity (kg/capita/yr)","Starchy roots","kg/cap","Per capita",2021,68.17999999999999
NA,"World",NA,NA,"Food supply quantity (kg/capita/yr)","Starchy roots","kg/cap","Per capita",2022,69.32
NA,"World",NA,NA,"Food supply quantity (kg/capita/yr)","Starchy roots","kg/cap","Per capita",2023,70.09
NA,"World",NA,NA,"Food supply quantity (kg/capita/yr)","Sugar","kg/cap","Per capita",2010,30.29
NA,"World",NA,NA,"Food supply quantity (kg/capita/yr)","Sugar","kg/cap","Per capita",2011,31.06
NA,"World",NA,NA,"Food supply quantity (kg/capita/yr)","Sugar","kg/cap","Per capita",2012,31.28
NA,"World",NA,NA,"Food supply quantity (kg/capita/yr)","Sugar","kg/cap","Per capita",2013,31.5
NA,"World",NA,NA,"Food supply quantity (kg/capita/yr)","Sugar","kg/cap","Per capita",2014,32.18
NA,"World",NA,NA,"Food supply quantity (kg/capita/yr)","Sugar","kg/cap","Per capita",2015,31.650000000000002
NA,"World",NA,NA,"Food supply quantity (kg/capita/yr)","Sugar","kg/cap","Per capita",2016,31.87
NA,"World",NA,NA,"Food supply quantity (kg/capita/yr)","Sugar","kg/cap","Per capita",2017,31.990000000000002
NA,"World",NA,NA,"Food supply quantity (kg/capita/yr)","Sugar","kg/cap","Per capita",2018,30.860000000000003
NA,"World",NA,NA,"Food supply quantity (kg/capita/yr)","Sugar","kg/cap","Per capita",2019,31.28
NA,"World",NA,NA,"Food supply quantity (kg/capita/yr)","Sugar","kg/cap","Per capita",2020,30.540000000000003
NA,"World",NA,NA,"Food supply quantity (kg/capita/yr)","Sugar","kg/cap","Per capita",2021,30.76
NA,"World",NA,NA,"Food supply quantity (kg/capita/yr)","Sugar","kg/cap","Per capita",2022,31.430000000000003
NA,"World",NA,NA,"Food supply quantity (kg/capita/yr)","Sugar","kg/cap","Per capita",2023,32.14
NA,"World",NA,NA,"Import quantity","Beverages and other","t","Balance",2010,95456000
NA,"World",NA,NA,"Import quantity","Beverages and other","t","Balance",2011,104062000
NA,"World",NA,NA,"Import quantity","Beverages and other","t","Balance",2012,109240000
NA,"World",NA,NA,"Import quantity","Beverages and other","t","Balance",2013,112644000
NA,"World",NA,NA,"Import quantity","Beverages and other","t","Balance",2014,116532000
NA,"World",NA,NA,"Import quantity","Beverages and other","t","Balance",2015,121773000
NA,"World",NA,NA,"Import quantity","Beverages and other","t","Balance",2016,125925000
NA,"World",NA,NA,"Import quantity","Beverages and other","t","Balance",2017,133680000
NA,"World",NA,NA,"Import quantity","Beverages and other","t","Balance",2018,138732000
NA,"World",NA,NA,"Import quantity","Beverages and other","t","Balance",2019,145299000
NA,"World",NA,NA,"Import quantity","Beverages and other","t","Balance",2020,145464000
NA,"World",NA,NA,"Import quantity","Beverages and other","t","Balance",2021,153390000
NA,"World",NA,NA,"Import quantity","Beverages and other","t","Balance",2022,158627000
NA,"World",NA,NA,"Import quantity","Beverages and other","t","Balance",2023,156629000
NA,"World",NA,NA,"Import quantity","Cereals","t","Balance",2010,444051000
NA,"World",NA,NA,"Import quantity","Cereals","t","Balance",2011,461509000
NA,"World",NA,NA,"Import quantity","Cereals","t","Balance",2012,495692000
NA,"World",NA,NA,"Import quantity","Cereals","t","Balance",2013,504800000
NA,"World",NA,NA,"Import quantity","Cereals","t","Balance",2014,550137000
NA,"World",NA,NA,"Import quantity","Cereals","t","Balance",2015,566104000
NA,"World",NA,NA,"Import quantity","Cereals","t","Balance",2016,594539000
NA,"World",NA,NA,"Import quantity","Cereals","t","Balance",2017,631377000
NA,"World",NA,NA,"Import quantity","Cereals","t","Balance",2018,629682000
NA,"World",NA,NA,"Import quantity","Cereals","t","Balance",2019,637964000
NA,"World",NA,NA,"Import quantity","Cereals","t","Balance",2020,676746000
NA,"World",NA,NA,"Import quantity","Cereals","t","Balance",2021,716905000
NA,"World",NA,NA,"Import quantity","Cereals","t","Balance",2022,724194000
NA,"World",NA,NA,"Import quantity","Cereals","t","Balance",2023,714461000
NA,"World",NA,NA,"Import quantity","Dairy and eggs (excl. butter)","t","Balance",2010,392462000
NA,"World",NA,NA,"Import quantity","Dairy and eggs (excl. butter)","t","Balance",2011,408012000
NA,"World",NA,NA,"Import quantity","Dairy and eggs (excl. butter)","t","Balance",2012,463818000
NA,"World",NA,NA,"Import quantity","Dairy and eggs (excl. butter)","t","Balance",2013,489018000
NA,"World",NA,NA,"Import quantity","Dairy and eggs (excl. butter)","t","Balance",2014,486156000
NA,"World",NA,NA,"Import quantity","Dairy and eggs (excl. butter)","t","Balance",2015,484654000
NA,"World",NA,NA,"Import quantity","Dairy and eggs (excl. butter)","t","Balance",2016,508860000
NA,"World",NA,NA,"Import quantity","Dairy and eggs (excl. butter)","t","Balance",2017,527588000
NA,"World",NA,NA,"Import quantity","Dairy and eggs (excl. butter)","t","Balance",2018,531544000
NA,"World",NA,NA,"Import quantity","Dairy and eggs (excl. butter)","t","Balance",2019,536360000
NA,"World",NA,NA,"Import quantity","Dairy and eggs (excl. butter)","t","Balance",2020,522624000
NA,"World",NA,NA,"Import quantity","Dairy and eggs (excl. butter)","t","Balance",2021,555056000
NA,"World",NA,NA,"Import quantity","Dairy and eggs (excl. butter)","t","Balance",2022,540284000
NA,"World",NA,NA,"Import quantity","Dairy and eggs (excl. butter)","t","Balance",2023,531532000
NA,"World",NA,NA,"Import quantity","Fats and oils","t","Balance",2010,211949000
NA,"World",NA,NA,"Import quantity","Fats and oils","t","Balance",2011,213512000
NA,"World",NA,NA,"Import quantity","Fats and oils","t","Balance",2012,228331000
NA,"World",NA,NA,"Import quantity","Fats and oils","t","Balance",2013,239513000
NA,"World",NA,NA,"Import quantity","Fats and oils","t","Balance",2014,258958000
NA,"World",NA,NA,"Import quantity","Fats and oils","t","Balance",2015,277450000
NA,"World",NA,NA,"Import quantity","Fats and oils","t","Balance",2016,280011000
NA,"World",NA,NA,"Import quantity","Fats and oils","t","Balance",2017,307989000
NA,"World",NA,NA,"Import quantity","Fats and oils","t","Balance",2018,315699000
NA,"World",NA,NA,"Import quantity","Fats and oils","t","Balance",2019,324065000
NA,"World",NA,NA,"Import quantity","Fats and oils","t","Balance",2020,345801000
NA,"World",NA,NA,"Import quantity","Fats and oils","t","Balance",2021,338307000
NA,"World",NA,NA,"Import quantity","Fats and oils","t","Balance",2022,330393000
NA,"World",NA,NA,"Import quantity","Fats and oils","t","Balance",2023,355429000
NA,"World",NA,NA,"Import quantity","Fish and seafood","t","Balance",2010,59946000
NA,"World",NA,NA,"Import quantity","Fish and seafood","t","Balance",2011,61886000
NA,"World",NA,NA,"Import quantity","Fish and seafood","t","Balance",2012,61211000
NA,"World",NA,NA,"Import quantity","Fish and seafood","t","Balance",2013,59430000
NA,"World",NA,NA,"Import quantity","Fish and seafood","t","Balance",2014,62655000
NA,"World",NA,NA,"Import quantity","Fish and seafood","t","Balance",2015,60944000
NA,"World",NA,NA,"Import quantity","Fish and seafood","t","Balance",2016,61296000
NA,"World",NA,NA,"Import quantity","Fish and seafood","t","Balance",2017,65505000
NA,"World",NA,NA,"Import quantity","Fish and seafood","t","Balance",2018,66634000
NA,"World",NA,NA,"Import quantity","Fish and seafood","t","Balance",2019,68429000
NA,"World",NA,NA,"Import quantity","Fish and seafood","t","Balance",2020,67301000
NA,"World",NA,NA,"Import quantity","Fish and seafood","t","Balance",2021,69136000
NA,"World",NA,NA,"Import quantity","Fish and seafood","t","Balance",2022,69136000
NA,"World",NA,NA,"Import quantity","Fish and seafood","t","Balance",2023,69136000
NA,"World",NA,NA,"Import quantity","Fruits and vegetables","t","Balance",2010,224393000
NA,"World",NA,NA,"Import quantity","Fruits and vegetables","t","Balance",2011,235566000
NA,"World",NA,NA,"Import quantity","Fruits and vegetables","t","Balance",2012,239938000
NA,"World",NA,NA,"Import quantity","Fruits and vegetables","t","Balance",2013,249229000
NA,"World",NA,NA,"Import quantity","Fruits and vegetables","t","Balance",2014,269451000
NA,"World",NA,NA,"Import quantity","Fruits and vegetables","t","Balance",2015,278457000
NA,"World",NA,NA,"Import quantity","Fruits and vegetables","t","Balance",2016,282732000
NA,"World",NA,NA,"Import quantity","Fruits and vegetables","t","Balance",2017,288141000
NA,"World",NA,NA,"Import quantity","Fruits and vegetables","t","Balance",2018,297314000
NA,"World",NA,NA,"Import quantity","Fruits and vegetables","t","Balance",2019,297575000
NA,"World",NA,NA,"Import quantity","Fruits and vegetables","t","Balance",2020,301137000
NA,"World",NA,NA,"Import quantity","Fruits and vegetables","t","Balance",2021,307475000
NA,"World",NA,NA,"Import quantity","Fruits and vegetables","t","Balance",2022,316657000
NA,"World",NA,NA,"Import quantity","Fruits and vegetables","t","Balance",2023,301347000
NA,"World",NA,NA,"Import quantity","Meat","t","Balance",2010,41805000
NA,"World",NA,NA,"Import quantity","Meat","t","Balance",2011,44154000
NA,"World",NA,NA,"Import quantity","Meat","t","Balance",2012,44586000
NA,"World",NA,NA,"Import quantity","Meat","t","Balance",2013,45802000
NA,"World",NA,NA,"Import quantity","Meat","t","Balance",2014,46838000
NA,"World",NA,NA,"Import quantity","Meat","t","Balance",2015,47003000
NA,"World",NA,NA,"Import quantity","Meat","t","Balance",2016,49556000
NA,"World",NA,NA,"Import quantity","Meat","t","Balance",2017,50970000
NA,"World",NA,NA,"Import quantity","Meat","t","Balance",2018,52833000
NA,"World",NA,NA,"Import quantity","Meat","t","Balance",2019,55277000
NA,"World",NA,NA,"Import quantity","Meat","t","Balance",2020,56946000
NA,"World",NA,NA,"Import quantity","Meat","t","Balance",2021,59212000
NA,"World",NA,NA,"Import quantity","Meat","t","Balance",2022,58227000
NA,"World",NA,NA,"Import quantity","Meat","t","Balance",2023,57665000
NA,"World",NA,NA,"Import quantity","Pulses","t","Balance",2010,11974000
NA,"World",NA,NA,"Import quantity","Pulses","t","Balance",2011,13382000
NA,"World",NA,NA,"Import quantity","Pulses","t","Balance",2012,13223000
NA,"World",NA,NA,"Import quantity","Pulses","t","Balance",2013,13949000
NA,"World",NA,NA,"Import quantity","Pulses","t","Balance",2014,15414000
NA,"World",NA,NA,"Import quantity","Pulses","t","Balance",2015,16781000
NA,"World",NA,NA,"Import quantity","Pulses","t","Balance",2016,18189000
NA,"World",NA,NA,"Import quantity","Pulses","t","Balance",2017,21014000
NA,"World",NA,NA,"Import quantity","Pulses","t","Balance",2018,18013000
NA,"World",NA,NA,"Import quantity","Pulses","t","Balance",2019,18990000
NA,"World",NA,NA,"Import quantity","Pulses","t","Balance",2020,20873000
NA,"World",NA,NA,"Import quantity","Pulses","t","Balance",2021,20228000
NA,"World",NA,NA,"Import quantity","Pulses","t","Balance",2022,20545000
NA,"World",NA,NA,"Import quantity","Pulses","t","Balance",2023,24167000
NA,"World",NA,NA,"Import quantity","Starchy roots","t","Balance",2010,63276000
NA,"World",NA,NA,"Import quantity","Starchy roots","t","Balance",2011,64998000
NA,"World",NA,NA,"Import quantity","Starchy roots","t","Balance",2012,76842000
NA,"World",NA,NA,"Import quantity","Starchy roots","t","Balance",2013,76668000
NA,"World",NA,NA,"Import quantity","Starchy roots","t","Balance",2014,84678000
NA,"World",NA,NA,"Import quantity","Starchy roots","t","Balance",2015,91626000
NA,"World",NA,NA,"Import quantity","Starchy roots","t","Balance",2016,95029000
NA,"World",NA,NA,"Import quantity","Starchy roots","t","Balance",2017,96409000
NA,"World",NA,NA,"Import quantity","Starchy roots","t","Balance",2018,87003000
NA,"World",NA,NA,"Import quantity","Starchy roots","t","Balance",2019,83452000
NA,"World",NA,NA,"Import quantity","Starchy roots","t","Balance",2020,86207000
NA,"World",NA,NA,"Import quantity","Starchy roots","t","Balance",2021,100836000
NA,"World",NA,NA,"Import quantity","Starchy roots","t","Balance",2022,122021000
NA,"World",NA,NA,"Import quantity","Starchy roots","t","Balance",2023,107542000
NA,"World",NA,NA,"Import quantity","Sugar","t","Balance",2010,82061000
NA,"World",NA,NA,"Import quantity","Sugar","t","Balance",2011,87502000
NA,"World",NA,NA,"Import quantity","Sugar","t","Balance",2012,87732000
NA,"World",NA,NA,"Import quantity","Sugar","t","Balance",2013,93878000
NA,"World",NA,NA,"Import quantity","Sugar","t","Balance",2014,93983000
NA,"World",NA,NA,"Import quantity","Sugar","t","Balance",2015,95858000
NA,"World",NA,NA,"Import quantity","Sugar","t","Balance",2016,100327000
NA,"World",NA,NA,"Import quantity","Sugar","t","Balance",2017,104312000
NA,"World",NA,NA,"Import quantity","Sugar","t","Balance",2018,101911000
NA,"World",NA,NA,"Import quantity","Sugar","t","Balance",2019,101066000
NA,"World",NA,NA,"Import quantity","Sugar","t","Balance",2020,107606000
NA,"World",NA,NA,"Import quantity","Sugar","t","Balance",2021,107798000
NA,"World",NA,NA,"Import quantity","Sugar","t","Balance",2022,116137000
NA,"World",NA,NA,"Import quantity","Sugar","t","Balance",2023,114100000
NA,"World",NA,NA,"Losses","Beverages and other","t","Balance",2010,2703000
NA,"World",NA,NA,"Losses","Beverages and other","t","Balance",2011,2778000
NA,"World",NA,NA,"Losses","Beverages and other","t","Balance",2012,2850000
NA,"World",NA,NA,"Losses","Beverages and other","t","Balance",2013,2916000
NA,"World",NA,NA,"Losses","Beverages and other","t","Balance",2014,2809000
NA,"World",NA,NA,"Losses","Beverages and other","t","Balance",2015,2925000
NA,"World",NA,NA,"Losses","Beverages and other","t","Balance",2016,3166000
NA,"World",NA,NA,"Losses","Beverages and other","t","Balance",2017,3220000
NA,"World",NA,NA,"Losses","Beverages and other","t","Balance",2018,3478000
NA,"World",NA,NA,"Losses","Beverages and other","t","Balance",2019,2881000
NA,"World",NA,NA,"Losses","Beverages and other","t","Balance",2020,3215000
NA,"World",NA,NA,"Losses","Beverages and other","t","Balance",2021,3471000
NA,"World",NA,NA,"Losses","Beverages and other","t","Balance",2022,3459000
NA,"World",NA,NA,"Losses","Beverages and other","t","Balance",2023,3580000
NA,"World",NA,NA,"Losses","Cereals","t","Balance",2010,96977000
NA,"World",NA,NA,"Losses","Cereals","t","Balance",2011,98177000
NA,"World",NA,NA,"Losses","Cereals","t","Balance",2012,102742000
NA,"World",NA,NA,"Losses","Cereals","t","Balance",2013,107030000
NA,"World",NA,NA,"Losses","Cereals","t","Balance",2014,127737000
NA,"World",NA,NA,"Losses","Cereals","t","Balance",2015,130372000
NA,"World",NA,NA,"Losses","Cereals","t","Balance",2016,132776000
NA,"World",NA,NA,"Losses","Cereals","t","Balance",2017,136241000
NA,"World",NA,NA,"Losses","Cereals","t","Balance",2018,134279000
NA,"World",NA,NA,"Losses","Cereals","t","Balance",2019,138323000
NA,"World",NA,NA,"Losses","Cereals","t","Balance",2020,137970000
NA,"World",NA,NA,"Losses","Cereals","t","Balance",2021,138861000
NA,"World",NA,NA,"Losses","Cereals","t","Balance",2022,136067000
NA,"World",NA,NA,"Losses","Cereals","t","Balance",2023,144065000
NA,"World",NA,NA,"Losses","Dairy and eggs (excl. butter)","t","Balance",2010,48134000
NA,"World",NA,NA,"Losses","Dairy and eggs (excl. butter)","t","Balance",2011,49798000
NA,"World",NA,NA,"Losses","Dairy and eggs (excl. butter)","t","Balance",2012,52006000
NA,"World",NA,NA,"Losses","Dairy and eggs (excl. butter)","t","Balance",2013,56384000
NA,"World",NA,NA,"Losses","Dairy and eggs (excl. butter)","t","Balance",2014,57442000
NA,"World",NA,NA,"Losses","Dairy and eggs (excl. butter)","t","Balance",2015,57512000
NA,"World",NA,NA,"Losses","Dairy and eggs (excl. butter)","t","Balance",2016,53440000
NA,"World",NA,NA,"Losses","Dairy and eggs (excl. butter)","t","Balance",2017,54854000
NA,"World",NA,NA,"Losses","Dairy and eggs (excl. butter)","t","Balance",2018,56210000
NA,"World",NA,NA,"Losses","Dairy and eggs (excl. butter)","t","Balance",2019,60096000
NA,"World",NA,NA,"Losses","Dairy and eggs (excl. butter)","t","Balance",2020,61238000
NA,"World",NA,NA,"Losses","Dairy and eggs (excl. butter)","t","Balance",2021,65292000
NA,"World",NA,NA,"Losses","Dairy and eggs (excl. butter)","t","Balance",2022,62588000
NA,"World",NA,NA,"Losses","Dairy and eggs (excl. butter)","t","Balance",2023,64228000
NA,"World",NA,NA,"Losses","Fats and oils","t","Balance",2010,34131000
NA,"World",NA,NA,"Losses","Fats and oils","t","Balance",2011,35897000
NA,"World",NA,NA,"Losses","Fats and oils","t","Balance",2012,36507000
NA,"World",NA,NA,"Losses","Fats and oils","t","Balance",2013,38210000
NA,"World",NA,NA,"Losses","Fats and oils","t","Balance",2014,39380000
NA,"World",NA,NA,"Losses","Fats and oils","t","Balance",2015,40070000
NA,"World",NA,NA,"Losses","Fats and oils","t","Balance",2016,40999000
NA,"World",NA,NA,"Losses","Fats and oils","t","Balance",2017,46198000
NA,"World",NA,NA,"Losses","Fats and oils","t","Balance",2018,42148000
NA,"World",NA,NA,"Losses","Fats and oils","t","Balance",2019,93145000
NA,"World",NA,NA,"Losses","Fats and oils","t","Balance",2020,57849000
NA,"World",NA,NA,"Losses","Fats and oils","t","Balance",2021,60315000
NA,"World",NA,NA,"Losses","Fats and oils","t","Balance",2022,57473000
NA,"World",NA,NA,"Losses","Fats and oils","t","Balance",2023,59665000
NA,"World",NA,NA,"Losses","Fruits and vegetables","t","Balance",2010,149237000
NA,"World",NA,NA,"Losses","Fruits and vegetables","t","Balance",2011,154105000
NA,"World",NA,NA,"Losses","Fruits and vegetables","t","Balance",2012,158887000
NA,"World",NA,NA,"Losses","Fruits and vegetables","t","Balance",2013,163418000
NA,"World",NA,NA,"Losses","Fruits and vegetables","t","Balance",2014,168394000
NA,"World",NA,NA,"Losses","Fruits and vegetables","t","Balance",2015,171427000
NA,"World",NA,NA,"Losses","Fruits and vegetables","t","Balance",2016,173437000
NA,"World",NA,NA,"Losses","Fruits and vegetables","t","Balance",2017,176233000
NA,"World",NA,NA,"Losses","Fruits and vegetables","t","Balance",2018,179767000
NA,"World",NA,NA,"Losses","Fruits and vegetables","t","Balance",2019,182767000
NA,"World",NA,NA,"Losses","Fruits and vegetables","t","Balance",2020,183026000
NA,"World",NA,NA,"Losses","Fruits and vegetables","t","Balance",2021,186922000
NA,"World",NA,NA,"Losses","Fruits and vegetables","t","Balance",2022,188157000
NA,"World",NA,NA,"Losses","Fruits and vegetables","t","Balance",2023,190054000
NA,"World",NA,NA,"Losses","Meat","t","Balance",2010,2410000
NA,"World",NA,NA,"Losses","Meat","t","Balance",2011,2437000
NA,"World",NA,NA,"Losses","Meat","t","Balance",2012,2648000
NA,"World",NA,NA,"Losses","Meat","t","Balance",2013,2744000
NA,"World",NA,NA,"Losses","Meat","t","Balance",2014,2946000
NA,"World",NA,NA,"Losses","Meat","t","Balance",2015,3001000
NA,"World",NA,NA,"Losses","Meat","t","Balance",2016,3032000
NA,"World",NA,NA,"Losses","Meat","t","Balance",2017,3094000
NA,"World",NA,NA,"Losses","Meat","t","Balance",2018,3107000
NA,"World",NA,NA,"Losses","Meat","t","Balance",2019,3244000
NA,"World",NA,NA,"Losses","Meat","t","Balance",2020,3338000
NA,"World",NA,NA,"Losses","Meat","t","Balance",2021,3408000
NA,"World",NA,NA,"Losses","Meat","t","Balance",2022,3525000
NA,"World",NA,NA,"Losses","Meat","t","Balance",2023,3613000
NA,"World",NA,NA,"Losses","Pulses","t","Balance",2010,4022000
NA,"World",NA,NA,"Losses","Pulses","t","Balance",2011,3899000
NA,"World",NA,NA,"Losses","Pulses","t","Balance",2012,4200000
NA,"World",NA,NA,"Losses","Pulses","t","Balance",2013,4446000
NA,"World",NA,NA,"Losses","Pulses","t","Balance",2014,4048000
NA,"World",NA,NA,"Losses","Pulses","t","Balance",2015,4357000
NA,"World",NA,NA,"Losses","Pulses","t","Balance",2016,4786000
NA,"World",NA,NA,"Losses","Pulses","t","Balance",2017,5060000
NA,"World",NA,NA,"Losses","Pulses","t","Balance",2018,4965000
NA,"World",NA,NA,"Losses","Pulses","t","Balance",2019,4613000
NA,"World",NA,NA,"Losses","Pulses","t","Balance",2020,4925000
NA,"World",NA,NA,"Losses","Pulses","t","Balance",2021,4775000
NA,"World",NA,NA,"Losses","Pulses","t","Balance",2022,5192000
NA,"World",NA,NA,"Losses","Pulses","t","Balance",2023,5303000
NA,"World",NA,NA,"Losses","Starchy roots","t","Balance",2010,64870000
NA,"World",NA,NA,"Losses","Starchy roots","t","Balance",2011,70032000
NA,"World",NA,NA,"Losses","Starchy roots","t","Balance",2012,73243000
NA,"World",NA,NA,"Losses","Starchy roots","t","Balance",2013,75600000
NA,"World",NA,NA,"Losses","Starchy roots","t","Balance",2014,75525000
NA,"World",NA,NA,"Losses","Starchy roots","t","Balance",2015,76100000
NA,"World",NA,NA,"Losses","Starchy roots","t","Balance",2016,75245000
NA,"World",NA,NA,"Losses","Starchy roots","t","Balance",2017,76863000
NA,"World",NA,NA,"Losses","Starchy roots","t","Balance",2018,78071000
NA,"World",NA,NA,"Losses","Starchy roots","t","Balance",2019,77864000
NA,"World",NA,NA,"Losses","Starchy roots","t","Balance",2020,81652000
NA,"World",NA,NA,"Losses","Starchy roots","t","Balance",2021,86107000
NA,"World",NA,NA,"Losses","Starchy roots","t","Balance",2022,87402000
NA,"World",NA,NA,"Losses","Starchy roots","t","Balance",2023,90108000
NA,"World",NA,NA,"Losses","Sugar","t","Balance",2010,116814000
NA,"World",NA,NA,"Losses","Sugar","t","Balance",2011,122025000
NA,"World",NA,NA,"Losses","Sugar","t","Balance",2012,122101000
NA,"World",NA,NA,"Losses","Sugar","t","Balance",2013,128557000
NA,"World",NA,NA,"Losses","Sugar","t","Balance",2014,130246000
NA,"World",NA,NA,"Losses","Sugar","t","Balance",2015,129550000
NA,"World",NA,NA,"Losses","Sugar","t","Balance",2016,132143000
NA,"World",NA,NA,"Losses","Sugar","t","Balance",2017,141121000
NA,"World",NA,NA,"Losses","Sugar","t","Balance",2018,131364000
NA,"World",NA,NA,"Losses","Sugar","t","Balance",2019,134986000
NA,"World",NA,NA,"Losses","Sugar","t","Balance",2020,132689000
NA,"World",NA,NA,"Losses","Sugar","t","Balance",2021,131242000
NA,"World",NA,NA,"Losses","Sugar","t","Balance",2022,131787000
NA,"World",NA,NA,"Losses","Sugar","t","Balance",2023,140034000
NA,"World",NA,NA,"Other uses (non-food)","Beverages and other","t","Balance",2010,19575000
NA,"World",NA,NA,"Other uses (non-food)","Beverages and other","t","Balance",2011,24606000
NA,"World",NA,NA,"Other uses (non-food)","Beverages and other","t","Balance",2012,23537000
NA,"World",NA,NA,"Other uses (non-food)","Beverages and other","t","Balance",2013,22683000
NA,"World",NA,NA,"Other uses (non-food)","Beverages and other","t","Balance",2014,14465000
NA,"World",NA,NA,"Other uses (non-food)","Beverages and other","t","Balance",2015,15059000
NA,"World",NA,NA,"Other uses (non-food)","Beverages and other","t","Balance",2016,16145000
NA,"World",NA,NA,"Other uses (non-food)","Beverages and other","t","Balance",2017,15745000
NA,"World",NA,NA,"Other uses (non-food)","Beverages and other","t","Balance",2018,17800000
NA,"World",NA,NA,"Other uses (non-food)","Beverages and other","t","Balance",2019,17452000
NA,"World",NA,NA,"Other uses (non-food)","Beverages and other","t","Balance",2020,16455000
NA,"World",NA,NA,"Other uses (non-food)","Beverages and other","t","Balance",2021,17712000
NA,"World",NA,NA,"Other uses (non-food)","Beverages and other","t","Balance",2022,19017000
NA,"World",NA,NA,"Other uses (non-food)","Beverages and other","t","Balance",2023,21426000
NA,"World",NA,NA,"Other uses (non-food)","Cereals","t","Balance",2010,230650000
NA,"World",NA,NA,"Other uses (non-food)","Cereals","t","Balance",2011,231729000
NA,"World",NA,NA,"Other uses (non-food)","Cereals","t","Balance",2012,226053000
NA,"World",NA,NA,"Other uses (non-food)","Cereals","t","Balance",2013,240726000
NA,"World",NA,NA,"Other uses (non-food)","Cereals","t","Balance",2014,215251000
NA,"World",NA,NA,"Other uses (non-food)","Cereals","t","Balance",2015,247793000
NA,"World",NA,NA,"Other uses (non-food)","Cereals","t","Balance",2016,287574000
NA,"World",NA,NA,"Other uses (non-food)","Cereals","t","Balance",2017,277804000
NA,"World",NA,NA,"Other uses (non-food)","Cereals","t","Balance",2018,248857000
NA,"World",NA,NA,"Other uses (non-food)","Cereals","t","Balance",2019,257863000
NA,"World",NA,NA,"Other uses (non-food)","Cereals","t","Balance",2020,270476000
NA,"World",NA,NA,"Other uses (non-food)","Cereals","t","Balance",2021,275267000
NA,"World",NA,NA,"Other uses (non-food)","Cereals","t","Balance",2022,248460000
NA,"World",NA,NA,"Other uses (non-food)","Cereals","t","Balance",2023,276919000
NA,"World",NA,NA,"Other uses (non-food)","Dairy and eggs (excl. butter)","t","Balance",2010,10794000
NA,"World",NA,NA,"Other uses (non-food)","Dairy and eggs (excl. butter)","t","Balance",2011,11584000
NA,"World",NA,NA,"Other uses (non-food)","Dairy and eggs (excl. butter)","t","Balance",2012,21886000
NA,"World",NA,NA,"Other uses (non-food)","Dairy and eggs (excl. butter)","t","Balance",2013,22680000
NA,"World",NA,NA,"Other uses (non-food)","Dairy and eggs (excl. butter)","t","Balance",2014,30002000
NA,"World",NA,NA,"Other uses (non-food)","Dairy and eggs (excl. butter)","t","Balance",2015,27696000
NA,"World",NA,NA,"Other uses (non-food)","Dairy and eggs (excl. butter)","t","Balance",2016,31104000
NA,"World",NA,NA,"Other uses (non-food)","Dairy and eggs (excl. butter)","t","Balance",2017,32238000
NA,"World",NA,NA,"Other uses (non-food)","Dairy and eggs (excl. butter)","t","Balance",2018,35586000
NA,"World",NA,NA,"Other uses (non-food)","Dairy and eggs (excl. butter)","t","Balance",2019,38644000
NA,"World",NA,NA,"Other uses (non-food)","Dairy and eggs (excl. butter)","t","Balance",2020,31672000
NA,"World",NA,NA,"Other uses (non-food)","Dairy and eggs (excl. butter)","t","Balance",2021,37694000
NA,"World",NA,NA,"Other uses (non-food)","Dairy and eggs (excl. butter)","t","Balance",2022,35378000
NA,"World",NA,NA,"Other uses (non-food)","Dairy and eggs (excl. butter)","t","Balance",2023,32840000
NA,"World",NA,NA,"Other uses (non-food)","Fats and oils","t","Balance",2010,87052000
NA,"World",NA,NA,"Other uses (non-food)","Fats and oils","t","Balance",2011,93589000
NA,"World",NA,NA,"Other uses (non-food)","Fats and oils","t","Balance",2012,103204000
NA,"World",NA,NA,"Other uses (non-food)","Fats and oils","t","Balance",2013,112578000
NA,"World",NA,NA,"Other uses (non-food)","Fats and oils","t","Balance",2014,111188000
NA,"World",NA,NA,"Other uses (non-food)","Fats and oils","t","Balance",2015,116100000
NA,"World",NA,NA,"Other uses (non-food)","Fats and oils","t","Balance",2016,117844000
NA,"World",NA,NA,"Other uses (non-food)","Fats and oils","t","Balance",2017,125587000
NA,"World",NA,NA,"Other uses (non-food)","Fats and oils","t","Balance",2018,129414000
NA,"World",NA,NA,"Other uses (non-food)","Fats and oils","t","Balance",2019,137218000
NA,"World",NA,NA,"Other uses (non-food)","Fats and oils","t","Balance",2020,138901000
NA,"World",NA,NA,"Other uses (non-food)","Fats and oils","t","Balance",2021,145240000
NA,"World",NA,NA,"Other uses (non-food)","Fats and oils","t","Balance",2022,139562000
NA,"World",NA,NA,"Other uses (non-food)","Fats and oils","t","Balance",2023,144061000
NA,"World",NA,NA,"Other uses (non-food)","Fish and seafood","t","Balance",2010,9234000
NA,"World",NA,NA,"Other uses (non-food)","Fish and seafood","t","Balance",2011,10561000
NA,"World",NA,NA,"Other uses (non-food)","Fish and seafood","t","Balance",2012,11888000
NA,"World",NA,NA,"Other uses (non-food)","Fish and seafood","t","Balance",2013,14288000
NA,"World",NA,NA,"Other uses (non-food)","Fish and seafood","t","Balance",2014,15340000
NA,"World",NA,NA,"Other uses (non-food)","Fish and seafood","t","Balance",2015,16652000
NA,"World",NA,NA,"Other uses (non-food)","Fish and seafood","t","Balance",2016,16425000
NA,"World",NA,NA,"Other uses (non-food)","Fish and seafood","t","Balance",2017,16001000
NA,"World",NA,NA,"Other uses (non-food)","Fish and seafood","t","Balance",2018,15935000
NA,"World",NA,NA,"Other uses (non-food)","Fish and seafood","t","Balance",2019,16064000
NA,"World",NA,NA,"Other uses (non-food)","Fish and seafood","t","Balance",2020,15689000
NA,"World",NA,NA,"Other uses (non-food)","Fish and seafood","t","Balance",2021,15070000
NA,"World",NA,NA,"Other uses (non-food)","Fish and seafood","t","Balance",2022,15070000
NA,"World",NA,NA,"Other uses (non-food)","Fish and seafood","t","Balance",2023,15070000
NA,"World",NA,NA,"Other uses (non-food)","Fruits and vegetables","t","Balance",2010,47000
NA,"World",NA,NA,"Other uses (non-food)","Fruits and vegetables","t","Balance",2011,49000
NA,"World",NA,NA,"Other uses (non-food)","Fruits and vegetables","t","Balance",2012,45000
NA,"World",NA,NA,"Other uses (non-food)","Fruits and vegetables","t","Balance",2013,36000
NA,"World",NA,NA,"Other uses (non-food)","Fruits and vegetables","t","Balance",2014,11000
NA,"World",NA,NA,"Other uses (non-food)","Fruits and vegetables","t","Balance",2015,13000
NA,"World",NA,NA,"Other uses (non-food)","Fruits and vegetables","t","Balance",2016,10000
NA,"World",NA,NA,"Other uses (non-food)","Fruits and vegetables","t","Balance",2017,12000
NA,"World",NA,NA,"Other uses (non-food)","Fruits and vegetables","t","Balance",2018,5000
NA,"World",NA,NA,"Other uses (non-food)","Fruits and vegetables","t","Balance",2019,30000
NA,"World",NA,NA,"Other uses (non-food)","Fruits and vegetables","t","Balance",2020,23000
NA,"World",NA,NA,"Other uses (non-food)","Fruits and vegetables","t","Balance",2021,18000
NA,"World",NA,NA,"Other uses (non-food)","Fruits and vegetables","t","Balance",2022,20000
NA,"World",NA,NA,"Other uses (non-food)","Fruits and vegetables","t","Balance",2023,10000
NA,"World",NA,NA,"Other uses (non-food)","Meat","t","Balance",2010,0
NA,"World",NA,NA,"Other uses (non-food)","Meat","t","Balance",2011,0
NA,"World",NA,NA,"Other uses (non-food)","Meat","t","Balance",2012,0
NA,"World",NA,NA,"Other uses (non-food)","Meat","t","Balance",2013,0
NA,"World",NA,NA,"Other uses (non-food)","Meat","t","Balance",2014,0
NA,"World",NA,NA,"Other uses (non-food)","Meat","t","Balance",2015,0
NA,"World",NA,NA,"Other uses (non-food)","Meat","t","Balance",2016,0
NA,"World",NA,NA,"Other uses (non-food)","Meat","t","Balance",2017,0
NA,"World",NA,NA,"Other uses (non-food)","Meat","t","Balance",2018,0
NA,"World",NA,NA,"Other uses (non-food)","Meat","t","Balance",2019,0
NA,"World",NA,NA,"Other uses (non-food)","Meat","t","Balance",2020,0
NA,"World",NA,NA,"Other uses (non-food)","Meat","t","Balance",2021,0
NA,"World",NA,NA,"Other uses (non-food)","Meat","t","Balance",2022,0
NA,"World",NA,NA,"Other uses (non-food)","Meat","t","Balance",2023,0
NA,"World",NA,NA,"Other uses (non-food)","Pulses","t","Balance",2010,0
NA,"World",NA,NA,"Other uses (non-food)","Pulses","t","Balance",2011,0
NA,"World",NA,NA,"Other uses (non-food)","Pulses","t","Balance",2012,2000
NA,"World",NA,NA,"Other uses (non-food)","Pulses","t","Balance",2013,0
NA,"World",NA,NA,"Other uses (non-food)","Pulses","t","Balance",2014,0
NA,"World",NA,NA,"Other uses (non-food)","Pulses","t","Balance",2015,0
NA,"World",NA,NA,"Other uses (non-food)","Pulses","t","Balance",2016,0
NA,"World",NA,NA,"Other uses (non-food)","Pulses","t","Balance",2017,0
NA,"World",NA,NA,"Other uses (non-food)","Pulses","t","Balance",2018,0
NA,"World",NA,NA,"Other uses (non-food)","Pulses","t","Balance",2019,1000
NA,"World",NA,NA,"Other uses (non-food)","Pulses","t","Balance",2020,0
NA,"World",NA,NA,"Other uses (non-food)","Pulses","t","Balance",2021,0
NA,"World",NA,NA,"Other uses (non-food)","Pulses","t","Balance",2022,161000
NA,"World",NA,NA,"Other uses (non-food)","Pulses","t","Balance",2023,0
NA,"World",NA,NA,"Other uses (non-food)","Starchy roots","t","Balance",2010,47907000
NA,"World",NA,NA,"Other uses (non-food)","Starchy roots","t","Balance",2011,47919000
NA,"World",NA,NA,"Other uses (non-food)","Starchy roots","t","Balance",2012,49021000
NA,"World",NA,NA,"Other uses (non-food)","Starchy roots","t","Balance",2013,42384000
NA,"World",NA,NA,"Other uses (non-food)","Starchy roots","t","Balance",2014,48015000
NA,"World",NA,NA,"Other uses (non-food)","Starchy roots","t","Balance",2015,47902000
NA,"World",NA,NA,"Other uses (non-food)","Starchy roots","t","Balance",2016,52438000
NA,"World",NA,NA,"Other uses (non-food)","Starchy roots","t","Balance",2017,55431000
NA,"World",NA,NA,"Other uses (non-food)","Starchy roots","t","Balance",2018,52389000
NA,"World",NA,NA,"Other uses (non-food)","Starchy roots","t","Balance",2019,51375000
NA,"World",NA,NA,"Other uses (non-food)","Starchy roots","t","Balance",2020,52038000
NA,"World",NA,NA,"Other uses (non-food)","Starchy roots","t","Balance",2021,64242000
NA,"World",NA,NA,"Other uses (non-food)","Starchy roots","t","Balance",2022,68592000
NA,"World",NA,NA,"Other uses (non-food)","Starchy roots","t","Balance",2023,60205000
NA,"World",NA,NA,"Other uses (non-food)","Sugar","t","Balance",2010,387965000
NA,"World",NA,NA,"Other uses (non-food)","Sugar","t","Balance",2011,335973000
NA,"World",NA,NA,"Other uses (non-food)","Sugar","t","Balance",2012,343685000
NA,"World",NA,NA,"Other uses (non-food)","Sugar","t","Balance",2013,415132000
NA,"World",NA,NA,"Other uses (non-food)","Sugar","t","Balance",2014,392005000
NA,"World",NA,NA,"Other uses (non-food)","Sugar","t","Balance",2015,410943000
NA,"World",NA,NA,"Other uses (non-food)","Sugar","t","Balance",2016,389164000
NA,"World",NA,NA,"Other uses (non-food)","Sugar","t","Balance",2017,380633000
NA,"World",NA,NA,"Other uses (non-food)","Sugar","t","Balance",2018,441959000
NA,"World",NA,NA,"Other uses (non-food)","Sugar","t","Balance",2019,481914000
NA,"World",NA,NA,"Other uses (non-food)","Sugar","t","Balance",2020,393647000
NA,"World",NA,NA,"Other uses (non-food)","Sugar","t","Balance",2021,384583000
NA,"World",NA,NA,"Other uses (non-food)","Sugar","t","Balance",2022,350078000
NA,"World",NA,NA,"Other uses (non-food)","Sugar","t","Balance",2023,356294000
NA,"World",NA,NA,"Processing","Beverages and other","t","Balance",2010,2942000
NA,"World",NA,NA,"Processing","Beverages and other","t","Balance",2011,3009000
NA,"World",NA,NA,"Processing","Beverages and other","t","Balance",2012,2473000
NA,"World",NA,NA,"Processing","Beverages and other","t","Balance",2013,2486000
NA,"World",NA,NA,"Processing","Beverages and other","t","Balance",2014,2844000
NA,"World",NA,NA,"Processing","Beverages and other","t","Balance",2015,2973000
NA,"World",NA,NA,"Processing","Beverages and other","t","Balance",2016,2788000
NA,"World",NA,NA,"Processing","Beverages and other","t","Balance",2017,2577000
NA,"World",NA,NA,"Processing","Beverages and other","t","Balance",2018,3192000
NA,"World",NA,NA,"Processing","Beverages and other","t","Balance",2019,2850000
NA,"World",NA,NA,"Processing","Beverages and other","t","Balance",2020,2924000
NA,"World",NA,NA,"Processing","Beverages and other","t","Balance",2021,2846000
NA,"World",NA,NA,"Processing","Beverages and other","t","Balance",2022,3084000
NA,"World",NA,NA,"Processing","Beverages and other","t","Balance",2023,2922000
NA,"World",NA,NA,"Processing","Cereals","t","Balance",2010,102635000
NA,"World",NA,NA,"Processing","Cereals","t","Balance",2011,105188000
NA,"World",NA,NA,"Processing","Cereals","t","Balance",2012,105877000
NA,"World",NA,NA,"Processing","Cereals","t","Balance",2013,106511000
NA,"World",NA,NA,"Processing","Cereals","t","Balance",2014,108296000
NA,"World",NA,NA,"Processing","Cereals","t","Balance",2015,107764000
NA,"World",NA,NA,"Processing","Cereals","t","Balance",2016,110038000
NA,"World",NA,NA,"Processing","Cereals","t","Balance",2017,109189000
NA,"World",NA,NA,"Processing","Cereals","t","Balance",2018,111271000
NA,"World",NA,NA,"Processing","Cereals","t","Balance",2019,121098000
NA,"World",NA,NA,"Processing","Cereals","t","Balance",2020,114922000
NA,"World",NA,NA,"Processing","Cereals","t","Balance",2021,120561000
NA,"World",NA,NA,"Processing","Cereals","t","Balance",2022,122603000
NA,"World",NA,NA,"Processing","Cereals","t","Balance",2023,127077000
NA,"World",NA,NA,"Processing","Dairy and eggs (excl. butter)","t","Balance",2010,414794000
NA,"World",NA,NA,"Processing","Dairy and eggs (excl. butter)","t","Balance",2011,428662000
NA,"World",NA,NA,"Processing","Dairy and eggs (excl. butter)","t","Balance",2012,446298000
NA,"World",NA,NA,"Processing","Dairy and eggs (excl. butter)","t","Balance",2013,454744000
NA,"World",NA,NA,"Processing","Dairy and eggs (excl. butter)","t","Balance",2014,467208000
NA,"World",NA,NA,"Processing","Dairy and eggs (excl. butter)","t","Balance",2015,472152000
NA,"World",NA,NA,"Processing","Dairy and eggs (excl. butter)","t","Balance",2016,480750000
NA,"World",NA,NA,"Processing","Dairy and eggs (excl. butter)","t","Balance",2017,492086000
NA,"World",NA,NA,"Processing","Dairy and eggs (excl. butter)","t","Balance",2018,505300000
NA,"World",NA,NA,"Processing","Dairy and eggs (excl. butter)","t","Balance",2019,513472000
NA,"World",NA,NA,"Processing","Dairy and eggs (excl. butter)","t","Balance",2020,518534000
NA,"World",NA,NA,"Processing","Dairy and eggs (excl. butter)","t","Balance",2021,536626000
NA,"World",NA,NA,"Processing","Dairy and eggs (excl. butter)","t","Balance",2022,540416000
NA,"World",NA,NA,"Processing","Dairy and eggs (excl. butter)","t","Balance",2023,548938000
NA,"World",NA,NA,"Processing","Fats and oils","t","Balance",2010,658266000
NA,"World",NA,NA,"Processing","Fats and oils","t","Balance",2011,684095000
NA,"World",NA,NA,"Processing","Fats and oils","t","Balance",2012,704388000
NA,"World",NA,NA,"Processing","Fats and oils","t","Balance",2013,721972000
NA,"World",NA,NA,"Processing","Fats and oils","t","Balance",2014,753245000
NA,"World",NA,NA,"Processing","Fats and oils","t","Balance",2015,788413000
NA,"World",NA,NA,"Processing","Fats and oils","t","Balance",2016,783423000
NA,"World",NA,NA,"Processing","Fats and oils","t","Balance",2017,858112000
NA,"World",NA,NA,"Processing","Fats and oils","t","Balance",2018,892310000
NA,"World",NA,NA,"Processing","Fats and oils","t","Balance",2019,899057000
NA,"World",NA,NA,"Processing","Fats and oils","t","Balance",2020,929116000
NA,"World",NA,NA,"Processing","Fats and oils","t","Balance",2021,952187000
NA,"World",NA,NA,"Processing","Fats and oils","t","Balance",2022,929751000
NA,"World",NA,NA,"Processing","Fats and oils","t","Balance",2023,957388000
NA,"World",NA,NA,"Processing","Fruits and vegetables","t","Balance",2010,58009000
NA,"World",NA,NA,"Processing","Fruits and vegetables","t","Balance",2011,57571000
NA,"World",NA,NA,"Processing","Fruits and vegetables","t","Balance",2012,55904000
NA,"World",NA,NA,"Processing","Fruits and vegetables","t","Balance",2013,59553000
NA,"World",NA,NA,"Processing","Fruits and vegetables","t","Balance",2014,65064000
NA,"World",NA,NA,"Processing","Fruits and vegetables","t","Balance",2015,70917000
NA,"World",NA,NA,"Processing","Fruits and vegetables","t","Balance",2016,62703000
NA,"World",NA,NA,"Processing","Fruits and vegetables","t","Balance",2017,60774000
NA,"World",NA,NA,"Processing","Fruits and vegetables","t","Balance",2018,70093000
NA,"World",NA,NA,"Processing","Fruits and vegetables","t","Balance",2019,68480000
NA,"World",NA,NA,"Processing","Fruits and vegetables","t","Balance",2020,70483000
NA,"World",NA,NA,"Processing","Fruits and vegetables","t","Balance",2021,72568000
NA,"World",NA,NA,"Processing","Fruits and vegetables","t","Balance",2022,73714000
NA,"World",NA,NA,"Processing","Fruits and vegetables","t","Balance",2023,71542000
NA,"World",NA,NA,"Processing","Meat","t","Balance",2010,976000
NA,"World",NA,NA,"Processing","Meat","t","Balance",2011,1010000
NA,"World",NA,NA,"Processing","Meat","t","Balance",2012,1024000
NA,"World",NA,NA,"Processing","Meat","t","Balance",2013,1091000
NA,"World",NA,NA,"Processing","Meat","t","Balance",2014,1313000
NA,"World",NA,NA,"Processing","Meat","t","Balance",2015,1349000
NA,"World",NA,NA,"Processing","Meat","t","Balance",2016,1470000
NA,"World",NA,NA,"Processing","Meat","t","Balance",2017,1522000
NA,"World",NA,NA,"Processing","Meat","t","Balance",2018,1572000
NA,"World",NA,NA,"Processing","Meat","t","Balance",2019,1638000
NA,"World",NA,NA,"Processing","Meat","t","Balance",2020,1740000
NA,"World",NA,NA,"Processing","Meat","t","Balance",2021,1512000
NA,"World",NA,NA,"Processing","Meat","t","Balance",2022,1574000
NA,"World",NA,NA,"Processing","Meat","t","Balance",2023,1560000
NA,"World",NA,NA,"Processing","Pulses","t","Balance",2010,456000
NA,"World",NA,NA,"Processing","Pulses","t","Balance",2011,486000
NA,"World",NA,NA,"Processing","Pulses","t","Balance",2012,485000
NA,"World",NA,NA,"Processing","Pulses","t","Balance",2013,491000
NA,"World",NA,NA,"Processing","Pulses","t","Balance",2014,570000
NA,"World",NA,NA,"Processing","Pulses","t","Balance",2015,552000
NA,"World",NA,NA,"Processing","Pulses","t","Balance",2016,682000
NA,"World",NA,NA,"Processing","Pulses","t","Balance",2017,846000
NA,"World",NA,NA,"Processing","Pulses","t","Balance",2018,722000
NA,"World",NA,NA,"Processing","Pulses","t","Balance",2019,1137000
NA,"World",NA,NA,"Processing","Pulses","t","Balance",2020,1259000
NA,"World",NA,NA,"Processing","Pulses","t","Balance",2021,1055000
NA,"World",NA,NA,"Processing","Pulses","t","Balance",2022,1237000
NA,"World",NA,NA,"Processing","Pulses","t","Balance",2023,1270000
NA,"World",NA,NA,"Processing","Starchy roots","t","Balance",2010,9777000
NA,"World",NA,NA,"Processing","Starchy roots","t","Balance",2011,9264000
NA,"World",NA,NA,"Processing","Starchy roots","t","Balance",2012,9550000
NA,"World",NA,NA,"Processing","Starchy roots","t","Balance",2013,9233000
NA,"World",NA,NA,"Processing","Starchy roots","t","Balance",2014,9465000
NA,"World",NA,NA,"Processing","Starchy roots","t","Balance",2015,9326000
NA,"World",NA,NA,"Processing","Starchy roots","t","Balance",2016,9870000
NA,"World",NA,NA,"Processing","Starchy roots","t","Balance",2017,10451000
NA,"World",NA,NA,"Processing","Starchy roots","t","Balance",2018,12224000
NA,"World",NA,NA,"Processing","Starchy roots","t","Balance",2019,12605000
NA,"World",NA,NA,"Processing","Starchy roots","t","Balance",2020,12813000
NA,"World",NA,NA,"Processing","Starchy roots","t","Balance",2021,12808000
NA,"World",NA,NA,"Processing","Starchy roots","t","Balance",2022,13746000
NA,"World",NA,NA,"Processing","Starchy roots","t","Balance",2023,12112000
NA,"World",NA,NA,"Processing","Sugar","t","Balance",2010,1264759000
NA,"World",NA,NA,"Processing","Sugar","t","Balance",2011,1388774000
NA,"World",NA,NA,"Processing","Sugar","t","Balance",2012,1429328000
NA,"World",NA,NA,"Processing","Sugar","t","Balance",2013,1416538000
NA,"World",NA,NA,"Processing","Sugar","t","Balance",2014,1637775000
NA,"World",NA,NA,"Processing","Sugar","t","Balance",2015,1586197000
NA,"World",NA,NA,"Processing","Sugar","t","Balance",2016,1610883000
NA,"World",NA,NA,"Processing","Sugar","t","Balance",2017,1608640000
NA,"World",NA,NA,"Processing","Sugar","t","Balance",2018,1603501000
NA,"World",NA,NA,"Processing","Sugar","t","Balance",2019,1533732000
NA,"World",NA,NA,"Processing","Sugar","t","Balance",2020,1490966000
NA,"World",NA,NA,"Processing","Sugar","t","Balance",2021,1541856000
NA,"World",NA,NA,"Processing","Sugar","t","Balance",2022,1621350000
NA,"World",NA,NA,"Processing","Sugar","t","Balance",2023,1671616000
NA,"World",NA,NA,"Production","Beverages and other","t","Balance",2010,319475000
NA,"World",NA,NA,"Production","Beverages and other","t","Balance",2011,332788000
NA,"World",NA,NA,"Production","Beverages and other","t","Balance",2012,335534000
NA,"World",NA,NA,"Production","Beverages and other","t","Balance",2013,341449000
NA,"World",NA,NA,"Production","Beverages and other","t","Balance",2014,337649000
NA,"World",NA,NA,"Production","Beverages and other","t","Balance",2015,338330000
NA,"World",NA,NA,"Production","Beverages and other","t","Balance",2016,340520000
NA,"World",NA,NA,"Production","Beverages and other","t","Balance",2017,340652000
NA,"World",NA,NA,"Production","Beverages and other","t","Balance",2018,346639000
NA,"World",NA,NA,"Production","Beverages and other","t","Balance",2019,350955000
NA,"World",NA,NA,"Production","Beverages and other","t","Balance",2020,350811000
NA,"World",NA,NA,"Production","Beverages and other","t","Balance",2021,365057000
NA,"World",NA,NA,"Production","Beverages and other","t","Balance",2022,372426000
NA,"World",NA,NA,"Production","Beverages and other","t","Balance",2023,367702000
NA,"World",NA,NA,"Production","Cereals","t","Balance",2010,2459406000
NA,"World",NA,NA,"Production","Cereals","t","Balance",2011,2579916000
NA,"World",NA,NA,"Production","Cereals","t","Balance",2012,2556330000
NA,"World",NA,NA,"Production","Cereals","t","Balance",2013,2761399000
NA,"World",NA,NA,"Production","Cereals","t","Balance",2014,2809213000
NA,"World",NA,NA,"Production","Cereals","t","Balance",2015,2834684000
NA,"World",NA,NA,"Production","Cereals","t","Balance",2016,2908252000
NA,"World",NA,NA,"Production","Cereals","t","Balance",2017,2958073000
NA,"World",NA,NA,"Production","Cereals","t","Balance",2018,2899827000
NA,"World",NA,NA,"Production","Cereals","t","Balance",2019,2960866000
NA,"World",NA,NA,"Production","Cereals","t","Balance",2020,3001017000
NA,"World",NA,NA,"Production","Cereals","t","Balance",2021,3071837000
NA,"World",NA,NA,"Production","Cereals","t","Balance",2022,3071258000
NA,"World",NA,NA,"Production","Cereals","t","Balance",2023,3135774000
NA,"World",NA,NA,"Production","Dairy and eggs (excl. butter)","t","Balance",2010,1579288000
NA,"World",NA,NA,"Production","Dairy and eggs (excl. butter)","t","Balance",2011,1617436000
NA,"World",NA,NA,"Production","Dairy and eggs (excl. butter)","t","Balance",2012,1665228000
NA,"World",NA,NA,"Production","Dairy and eggs (excl. butter)","t","Balance",2013,1685340000
NA,"World",NA,NA,"Production","Dairy and eggs (excl. butter)","t","Balance",2014,1747610000
NA,"World",NA,NA,"Production","Dairy and eggs (excl. butter)","t","Balance",2015,1768836000
NA,"World",NA,NA,"Production","Dairy and eggs (excl. butter)","t","Balance",2016,1793198000
NA,"World",NA,NA,"Production","Dairy and eggs (excl. butter)","t","Balance",2017,1839032000
NA,"World",NA,NA,"Production","Dairy and eggs (excl. butter)","t","Balance",2018,1888510000
NA,"World",NA,NA,"Production","Dairy and eggs (excl. butter)","t","Balance",2019,1954020000
NA,"World",NA,NA,"Production","Dairy and eggs (excl. butter)","t","Balance",2020,2011120000
NA,"World",NA,NA,"Production","Dairy and eggs (excl. butter)","t","Balance",2021,2070220000
NA,"World",NA,NA,"Production","Dairy and eggs (excl. butter)","t","Balance",2022,2101328000
NA,"World",NA,NA,"Production","Dairy and eggs (excl. butter)","t","Balance",2023,2141184000
NA,"World",NA,NA,"Production","Fats and oils","t","Balance",2010,1007967000
NA,"World",NA,NA,"Production","Fats and oils","t","Balance",2011,1054036000
NA,"World",NA,NA,"Production","Fats and oils","t","Balance",2012,1052163000
NA,"World",NA,NA,"Production","Fats and oils","t","Balance",2013,1131485000
NA,"World",NA,NA,"Production","Fats and oils","t","Balance",2014,1164965000
NA,"World",NA,NA,"Production","Fats and oils","t","Balance",2015,1192602000
NA,"World",NA,NA,"Production","Fats and oils","t","Balance",2016,1203201000
NA,"World",NA,NA,"Production","Fats and oils","t","Balance",2017,1330187000
NA,"World",NA,NA,"Production","Fats and oils","t","Balance",2018,1339549000
NA,"World",NA,NA,"Production","Fats and oils","t","Balance",2019,1348535000
NA,"World",NA,NA,"Production","Fats and oils","t","Balance",2020,1367091000
NA,"World",NA,NA,"Production","Fats and oils","t","Balance",2021,1406913000
NA,"World",NA,NA,"Production","Fats and oils","t","Balance",2022,1382693000
NA,"World",NA,NA,"Production","Fats and oils","t","Balance",2023,1420749000
NA,"World",NA,NA,"Production","Fish and seafood","t","Balance",2010,165088000
NA,"World",NA,NA,"Production","Fish and seafood","t","Balance",2011,173265000
NA,"World",NA,NA,"Production","Fish and seafood","t","Balance",2012,176875000
NA,"World",NA,NA,"Production","Fish and seafood","t","Balance",2013,184713000
NA,"World",NA,NA,"Production","Fish and seafood","t","Balance",2014,189871000
NA,"World",NA,NA,"Production","Fish and seafood","t","Balance",2015,195282000
NA,"World",NA,NA,"Production","Fish and seafood","t","Balance",2016,197559000
NA,"World",NA,NA,"Production","Fish and seafood","t","Balance",2017,205002000
NA,"World",NA,NA,"Production","Fish and seafood","t","Balance",2018,211441000
NA,"World",NA,NA,"Production","Fish and seafood","t","Balance",2019,211583000
NA,"World",NA,NA,"Production","Fish and seafood","t","Balance",2020,212742000
NA,"World",NA,NA,"Production","Fish and seafood","t","Balance",2021,217595000
NA,"World",NA,NA,"Production","Fish and seafood","t","Balance",2022,217595000
NA,"World",NA,NA,"Production","Fish and seafood","t","Balance",2023,217595000
NA,"World",NA,NA,"Production","Fruits and vegetables","t","Balance",2010,1651332000
NA,"World",NA,NA,"Production","Fruits and vegetables","t","Balance",2011,1709288000
NA,"World",NA,NA,"Production","Fruits and vegetables","t","Balance",2012,1753272000
NA,"World",NA,NA,"Production","Fruits and vegetables","t","Balance",2013,1804025000
NA,"World",NA,NA,"Production","Fruits and vegetables","t","Balance",2014,1853452000
NA,"World",NA,NA,"Production","Fruits and vegetables","t","Balance",2015,1891768000
NA,"World",NA,NA,"Production","Fruits and vegetables","t","Balance",2016,1915927000
NA,"World",NA,NA,"Production","Fruits and vegetables","t","Balance",2017,1942652000
NA,"World",NA,NA,"Production","Fruits and vegetables","t","Balance",2018,1985146000
NA,"World",NA,NA,"Production","Fruits and vegetables","t","Balance",2019,2014779000
NA,"World",NA,NA,"Production","Fruits and vegetables","t","Balance",2020,2042786000
NA,"World",NA,NA,"Production","Fruits and vegetables","t","Balance",2021,2086714000
NA,"World",NA,NA,"Production","Fruits and vegetables","t","Balance",2022,2115361000
NA,"World",NA,NA,"Production","Fruits and vegetables","t","Balance",2023,2137492000
NA,"World",NA,NA,"Production","Meat","t","Balance",2010,312075000
NA,"World",NA,NA,"Production","Meat","t","Balance",2011,316527000
NA,"World",NA,NA,"Production","Meat","t","Balance",2012,325545000
NA,"World",NA,NA,"Production","Meat","t","Balance",2013,332911000
NA,"World",NA,NA,"Production","Meat","t","Balance",2014,339157000
NA,"World",NA,NA,"Production","Meat","t","Balance",2015,345142000
NA,"World",NA,NA,"Production","Meat","t","Balance",2016,349073000
NA,"World",NA,NA,"Production","Meat","t","Balance",2017,355269000
NA,"World",NA,NA,"Production","Meat","t","Balance",2018,363613000
NA,"World",NA,NA,"Production","Meat","t","Balance",2019,356417000
NA,"World",NA,NA,"Production","Meat","t","Balance",2020,363336000
NA,"World",NA,NA,"Production","Meat","t","Balance",2021,377025000
NA,"World",NA,NA,"Production","Meat","t","Balance",2022,386339000
NA,"World",NA,NA,"Production","Meat","t","Balance",2023,393259000
NA,"World",NA,NA,"Production","Pulses","t","Balance",2010,71799000
NA,"World",NA,NA,"Production","Pulses","t","Balance",2011,70107000
NA,"World",NA,NA,"Production","Pulses","t","Balance",2012,74858000
NA,"World",NA,NA,"Production","Pulses","t","Balance",2013,79051000
NA,"World",NA,NA,"Production","Pulses","t","Balance",2014,77452000
NA,"World",NA,NA,"Production","Pulses","t","Balance",2015,77303000
NA,"World",NA,NA,"Production","Pulses","t","Balance",2016,84589000
NA,"World",NA,NA,"Production","Pulses","t","Balance",2017,95422000
NA,"World",NA,NA,"Production","Pulses","t","Balance",2018,91441000
NA,"World",NA,NA,"Production","Pulses","t","Balance",2019,85863000
NA,"World",NA,NA,"Production","Pulses","t","Balance",2020,91072000
NA,"World",NA,NA,"Production","Pulses","t","Balance",2021,90063000
NA,"World",NA,NA,"Production","Pulses","t","Balance",2022,97289000
NA,"World",NA,NA,"Production","Pulses","t","Balance",2023,95453000
NA,"World",NA,NA,"Production","Starchy roots","t","Balance",2010,744729000
NA,"World",NA,NA,"Production","Starchy roots","t","Balance",2011,795865000
NA,"World",NA,NA,"Production","Starchy roots","t","Balance",2012,795348000
NA,"World",NA,NA,"Production","Starchy roots","t","Balance",2013,807120000
NA,"World",NA,NA,"Production","Starchy roots","t","Balance",2014,839372000
NA,"World",NA,NA,"Production","Starchy roots","t","Balance",2015,836901000
NA,"World",NA,NA,"Production","Starchy roots","t","Balance",2016,831738000
NA,"World",NA,NA,"Production","Starchy roots","t","Balance",2017,847982000
NA,"World",NA,NA,"Production","Starchy roots","t","Balance",2018,848424000
NA,"World",NA,NA,"Production","Starchy roots","t","Balance",2019,854897000
NA,"World",NA,NA,"Production","Starchy roots","t","Balance",2020,861390000
NA,"World",NA,NA,"Production","Starchy roots","t","Balance",2021,895608000
NA,"World",NA,NA,"Production","Starchy roots","t","Balance",2022,908776000
NA,"World",NA,NA,"Production","Starchy roots","t","Balance",2023,928127000
NA,"World",NA,NA,"Production","Sugar","t","Balance",2010,2184215000
NA,"World",NA,NA,"Production","Sugar","t","Balance",2011,2369861000
NA,"World",NA,NA,"Production","Sugar","t","Balance",2012,2419699000
NA,"World",NA,NA,"Production","Sugar","t","Balance",2013,2473251000
NA,"World",NA,NA,"Production","Sugar","t","Balance",2014,2458273000
NA,"World",NA,NA,"Production","Sugar","t","Balance",2015,2408476000
NA,"World",NA,NA,"Production","Sugar","t","Balance",2016,2459683000
NA,"World",NA,NA,"Production","Sugar","t","Balance",2017,2455780000
NA,"World",NA,NA,"Production","Sugar","t","Balance",2018,2514308000
NA,"World",NA,NA,"Production","Sugar","t","Balance",2019,2537774000
NA,"World",NA,NA,"Production","Sugar","t","Balance",2020,2413146000
NA,"World",NA,NA,"Production","Sugar","t","Balance",2021,2433338000
NA,"World",NA,NA,"Production","Sugar","t","Balance",2022,2499487000
NA,"World",NA,NA,"Production","Sugar","t","Balance",2023,2631845000
NA,"World",NA,NA,"Protein supply quantity (g/capita/day)","Beverages and other","g/cap/d","Per capita",2010,1.6500000000000001
NA,"World",NA,NA,"Protein supply quantity (g/capita/day)","Beverages and other","g/cap/d","Per capita",2011,1.72
NA,"World",NA,NA,"Protein supply quantity (g/capita/day)","Beverages and other","g/cap/d","Per capita",2012,1.73
NA,"World",NA,NA,"Protein supply quantity (g/capita/day)","Beverages and other","g/cap/d","Per capita",2013,1.73
NA,"World",NA,NA,"Protein supply quantity (g/capita/day)","Beverages and other","g/cap/d","Per capita",2014,1.6900000000000002
NA,"World",NA,NA,"Protein supply quantity (g/capita/day)","Beverages and other","g/cap/d","Per capita",2015,1.71
NA,"World",NA,NA,"Protein supply quantity (g/capita/day)","Beverages and other","g/cap/d","Per capita",2016,1.73
NA,"World",NA,NA,"Protein supply quantity (g/capita/day)","Beverages and other","g/cap/d","Per capita",2017,1.81
NA,"World",NA,NA,"Protein supply quantity (g/capita/day)","Beverages and other","g/cap/d","Per capita",2018,1.85
NA,"World",NA,NA,"Protein supply quantity (g/capita/day)","Beverages and other","g/cap/d","Per capita",2019,1.85
NA,"World",NA,NA,"Protein supply quantity (g/capita/day)","Beverages and other","g/cap/d","Per capita",2020,1.87
NA,"World",NA,NA,"Protein supply quantity (g/capita/day)","Beverages and other","g/cap/d","Per capita",2021,1.98
NA,"World",NA,NA,"Protein supply quantity (g/capita/day)","Beverages and other","g/cap/d","Per capita",2022,1.95
NA,"World",NA,NA,"Protein supply quantity (g/capita/day)","Beverages and other","g/cap/d","Per capita",2023,2
NA,"World",NA,NA,"Protein supply quantity (g/capita/day)","Cereals","g/cap/d","Per capita",2010,33
NA,"World",NA,NA,"Protein supply quantity (g/capita/day)","Cereals","g/cap/d","Per capita",2011,33.15
NA,"World",NA,NA,"Protein supply quantity (g/capita/day)","Cereals","g/cap/d","Per capita",2012,32.92
NA,"World",NA,NA,"Protein supply quantity (g/capita/day)","Cereals","g/cap/d","Per capita",2013,32.97
NA,"World",NA,NA,"Protein supply quantity (g/capita/day)","Cereals","g/cap/d","Per capita",2014,33
NA,"World",NA,NA,"Protein supply quantity (g/capita/day)","Cereals","g/cap/d","Per capita",2015,33.19
NA,"World",NA,NA,"Protein supply quantity (g/capita/day)","Cereals","g/cap/d","Per capita",2016,33.38
NA,"World",NA,NA,"Protein supply quantity (g/capita/day)","Cereals","g/cap/d","Per capita",2017,33.47
NA,"World",NA,NA,"Protein supply quantity (g/capita/day)","Cereals","g/cap/d","Per capita",2018,33.18
NA,"World",NA,NA,"Protein supply quantity (g/capita/day)","Cereals","g/cap/d","Per capita",2019,32.87
NA,"World",NA,NA,"Protein supply quantity (g/capita/day)","Cereals","g/cap/d","Per capita",2020,33.269999999999996
NA,"World",NA,NA,"Protein supply quantity (g/capita/day)","Cereals","g/cap/d","Per capita",2021,33.17
NA,"World",NA,NA,"Protein supply quantity (g/capita/day)","Cereals","g/cap/d","Per capita",2022,33.269999999999996
NA,"World",NA,NA,"Protein supply quantity (g/capita/day)","Cereals","g/cap/d","Per capita",2023,33.38
NA,"World",NA,NA,"Protein supply quantity (g/capita/day)","Dairy and eggs (excl. butter)","g/cap/d","Per capita",2010,21.240000000000002
NA,"World",NA,NA,"Protein supply quantity (g/capita/day)","Dairy and eggs (excl. butter)","g/cap/d","Per capita",2011,21.4
NA,"World",NA,NA,"Protein supply quantity (g/capita/day)","Dairy and eggs (excl. butter)","g/cap/d","Per capita",2012,21.68
NA,"World",NA,NA,"Protein supply quantity (g/capita/day)","Dairy and eggs (excl. butter)","g/cap/d","Per capita",2013,21.62
NA,"World",NA,NA,"Protein supply quantity (g/capita/day)","Dairy and eggs (excl. butter)","g/cap/d","Per capita",2014,22.02
NA,"World",NA,NA,"Protein supply quantity (g/capita/day)","Dairy and eggs (excl. butter)","g/cap/d","Per capita",2015,22.040000000000003
NA,"World",NA,NA,"Protein supply quantity (g/capita/day)","Dairy and eggs (excl. butter)","g/cap/d","Per capita",2016,22.24
NA,"World",NA,NA,"Protein supply quantity (g/capita/day)","Dairy and eggs (excl. butter)","g/cap/d","Per capita",2017,22.619999999999997
NA,"World",NA,NA,"Protein supply quantity (g/capita/day)","Dairy and eggs (excl. butter)","g/cap/d","Per capita",2018,23.080000000000002
NA,"World",NA,NA,"Protein supply quantity (g/capita/day)","Dairy and eggs (excl. butter)","g/cap/d","Per capita",2019,24.08
NA,"World",NA,NA,"Protein supply quantity (g/capita/day)","Dairy and eggs (excl. butter)","g/cap/d","Per capita",2020,24.72
NA,"World",NA,NA,"Protein supply quantity (g/capita/day)","Dairy and eggs (excl. butter)","g/cap/d","Per capita",2021,25.18
NA,"World",NA,NA,"Protein supply quantity (g/capita/day)","Dairy and eggs (excl. butter)","g/cap/d","Per capita",2022,25.299999999999997
NA,"World",NA,NA,"Protein supply quantity (g/capita/day)","Dairy and eggs (excl. butter)","g/cap/d","Per capita",2023,25.62
NA,"World",NA,NA,"Protein supply quantity (g/capita/day)","Fats and oils","g/cap/d","Per capita",2010,3.02
NA,"World",NA,NA,"Protein supply quantity (g/capita/day)","Fats and oils","g/cap/d","Per capita",2011,2.9400000000000004
NA,"World",NA,NA,"Protein supply quantity (g/capita/day)","Fats and oils","g/cap/d","Per capita",2012,2.94
NA,"World",NA,NA,"Protein supply quantity (g/capita/day)","Fats and oils","g/cap/d","Per capita",2013,3.0500000000000003
NA,"World",NA,NA,"Protein supply quantity (g/capita/day)","Fats and oils","g/cap/d","Per capita",2014,3.22
NA,"World",NA,NA,"Protein supply quantity (g/capita/day)","Fats and oils","g/cap/d","Per capita",2015,3.17
NA,"World",NA,NA,"Protein supply quantity (g/capita/day)","Fats and oils","g/cap/d","Per capita",2016,3.31
NA,"World",NA,NA,"Protein supply quantity (g/capita/day)","Fats and oils","g/cap/d","Per capita",2017,3.4400000000000004
NA,"World",NA,NA,"Protein supply quantity (g/capita/day)","Fats and oils","g/cap/d","Per capita",2018,3.52
NA,"World",NA,NA,"Protein supply quantity (g/capita/day)","Fats and oils","g/cap/d","Per capita",2019,3.5900000000000003
NA,"World",NA,NA,"Protein supply quantity (g/capita/day)","Fats and oils","g/cap/d","Per capita",2020,3.82
NA,"World",NA,NA,"Protein supply quantity (g/capita/day)","Fats and oils","g/cap/d","Per capita",2021,3.73
NA,"World",NA,NA,"Protein supply quantity (g/capita/day)","Fats and oils","g/cap/d","Per capita",2022,3.7
NA,"World",NA,NA,"Protein supply quantity (g/capita/day)","Fats and oils","g/cap/d","Per capita",2023,3.79
NA,"World",NA,NA,"Protein supply quantity (g/capita/day)","Fish and seafood","g/cap/d","Per capita",2010,5.16
NA,"World",NA,NA,"Protein supply quantity (g/capita/day)","Fish and seafood","g/cap/d","Per capita",2011,5.18
NA,"World",NA,NA,"Protein supply quantity (g/capita/day)","Fish and seafood","g/cap/d","Per capita",2012,5.2700000000000005
NA,"World",NA,NA,"Protein supply quantity (g/capita/day)","Fish and seafood","g/cap/d","Per capita",2013,5.35
NA,"World",NA,NA,"Protein supply quantity (g/capita/day)","Fish and seafood","g/cap/d","Per capita",2014,5.48
NA,"World",NA,NA,"Protein supply quantity (g/capita/day)","Fish and seafood","g/cap/d","Per capita",2015,5.58
NA,"World",NA,NA,"Protein supply quantity (g/capita/day)","Fish and seafood","g/cap/d","Per capita",2016,5.59
NA,"World",NA,NA,"Protein supply quantity (g/capita/day)","Fish and seafood","g/cap/d","Per capita",2017,5.6899999999999995
NA,"World",NA,NA,"Protein supply quantity (g/capita/day)","Fish and seafood","g/cap/d","Per capita",2018,5.73
NA,"World",NA,NA,"Protein supply quantity (g/capita/day)","Fish and seafood","g/cap/d","Per capita",2019,5.79
NA,"World",NA,NA,"Protein supply quantity (g/capita/day)","Fish and seafood","g/cap/d","Per capita",2020,5.71
NA,"World",NA,NA,"Protein supply quantity (g/capita/day)","Fish and seafood","g/cap/d","Per capita",2021,5.78
NA,"World",NA,NA,"Protein supply quantity (g/capita/day)","Fish and seafood","g/cap/d","Per capita",2022,5.75
NA,"World",NA,NA,"Protein supply quantity (g/capita/day)","Fish and seafood","g/cap/d","Per capita",2023,5.7
NA,"World",NA,NA,"Protein supply quantity (g/capita/day)","Fruits and vegetables","g/cap/d","Per capita",2010,6.6899999999999995
NA,"World",NA,NA,"Protein supply quantity (g/capita/day)","Fruits and vegetables","g/cap/d","Per capita",2011,6.76
NA,"World",NA,NA,"Protein supply quantity (g/capita/day)","Fruits and vegetables","g/cap/d","Per capita",2012,6.83
NA,"World",NA,NA,"Protein supply quantity (g/capita/day)","Fruits and vegetables","g/cap/d","Per capita",2013,6.92
NA,"World",NA,NA,"Protein supply quantity (g/capita/day)","Fruits and vegetables","g/cap/d","Per capita",2014,7.01
NA,"World",NA,NA,"Protein supply quantity (g/capita/day)","Fruits and vegetables","g/cap/d","Per capita",2015,7.15
NA,"World",NA,NA,"Protein supply quantity (g/capita/day)","Fruits and vegetables","g/cap/d","Per capita",2016,7.180000000000001
NA,"World",NA,NA,"Protein supply quantity (g/capita/day)","Fruits and vegetables","g/cap/d","Per capita",2017,7.26
NA,"World",NA,NA,"Protein supply quantity (g/capita/day)","Fruits and vegetables","g/cap/d","Per capita",2018,7.33
NA,"World",NA,NA,"Protein supply quantity (g/capita/day)","Fruits and vegetables","g/cap/d","Per capita",2019,7.420000000000001
NA,"World",NA,NA,"Protein supply quantity (g/capita/day)","Fruits and vegetables","g/cap/d","Per capita",2020,7.409999999999999
NA,"World",NA,NA,"Protein supply quantity (g/capita/day)","Fruits and vegetables","g/cap/d","Per capita",2021,7.5200000000000005
NA,"World",NA,NA,"Protein supply quantity (g/capita/day)","Fruits and vegetables","g/cap/d","Per capita",2022,7.54
NA,"World",NA,NA,"Protein supply quantity (g/capita/day)","Fruits and vegetables","g/cap/d","Per capita",2023,7.59
NA,"World",NA,NA,"Protein supply quantity (g/capita/day)","Meat","g/cap/d","Per capita",2010,18.28
NA,"World",NA,NA,"Protein supply quantity (g/capita/day)","Meat","g/cap/d","Per capita",2011,18.21
NA,"World",NA,NA,"Protein supply quantity (g/capita/day)","Meat","g/cap/d","Per capita",2012,18.22
NA,"World",NA,NA,"Protein supply quantity (g/capita/day)","Meat","g/cap/d","Per capita",2013,18.37
NA,"World",NA,NA,"Protein supply quantity (g/capita/day)","Meat","g/cap/d","Per capita",2014,18.46
NA,"World",NA,NA,"Protein supply quantity (g/capita/day)","Meat","g/cap/d","Per capita",2015,18.58
NA,"World",NA,NA,"Protein supply quantity (g/capita/day)","Meat","g/cap/d","Per capita",2016,18.7
NA,"World",NA,NA,"Protein supply quantity (g/capita/day)","Meat","g/cap/d","Per capita",2017,18.73
NA,"World",NA,NA,"Protein supply quantity (g/capita/day)","Meat","g/cap/d","Per capita",2018,19.04
NA,"World",NA,NA,"Protein supply quantity (g/capita/day)","Meat","g/cap/d","Per capita",2019,19.12
NA,"World",NA,NA,"Protein supply quantity (g/capita/day)","Meat","g/cap/d","Per capita",2020,18.88
NA,"World",NA,NA,"Protein supply quantity (g/capita/day)","Meat","g/cap/d","Per capita",2021,19.349999999999998
NA,"World",NA,NA,"Protein supply quantity (g/capita/day)","Meat","g/cap/d","Per capita",2022,19.91
NA,"World",NA,NA,"Protein supply quantity (g/capita/day)","Meat","g/cap/d","Per capita",2023,20.25
NA,"World",NA,NA,"Protein supply quantity (g/capita/day)","Pulses","g/cap/d","Per capita",2010,4.09
NA,"World",NA,NA,"Protein supply quantity (g/capita/day)","Pulses","g/cap/d","Per capita",2011,4.07
NA,"World",NA,NA,"Protein supply quantity (g/capita/day)","Pulses","g/cap/d","Per capita",2012,4.17
NA,"World",NA,NA,"Protein supply quantity (g/capita/day)","Pulses","g/cap/d","Per capita",2013,4.21
NA,"World",NA,NA,"Protein supply quantity (g/capita/day)","Pulses","g/cap/d","Per capita",2014,4.2299999999999995
NA,"World",NA,NA,"Protein supply quantity (g/capita/day)","Pulses","g/cap/d","Per capita",2015,4.22
NA,"World",NA,NA,"Protein supply quantity (g/capita/day)","Pulses","g/cap/d","Per capita",2016,4.26
NA,"World",NA,NA,"Protein supply quantity (g/capita/day)","Pulses","g/cap/d","Per capita",2017,4.57
NA,"World",NA,NA,"Protein supply quantity (g/capita/day)","Pulses","g/cap/d","Per capita",2018,4.390000000000001
NA,"World",NA,NA,"Protein supply quantity (g/capita/day)","Pulses","g/cap/d","Per capita",2019,4.38
NA,"World",NA,NA,"Protein supply quantity (g/capita/day)","Pulses","g/cap/d","Per capita",2020,4.529999999999999
NA,"World",NA,NA,"Protein supply quantity (g/capita/day)","Pulses","g/cap/d","Per capita",2021,4.54
NA,"World",NA,NA,"Protein supply quantity (g/capita/day)","Pulses","g/cap/d","Per capita",2022,4.73
NA,"World",NA,NA,"Protein supply quantity (g/capita/day)","Pulses","g/cap/d","Per capita",2023,4.65
NA,"World",NA,NA,"Protein supply quantity (g/capita/day)","Starchy roots","g/cap/d","Per capita",2010,2.39
NA,"World",NA,NA,"Protein supply quantity (g/capita/day)","Starchy roots","g/cap/d","Per capita",2011,2.42
NA,"World",NA,NA,"Protein supply quantity (g/capita/day)","Starchy roots","g/cap/d","Per capita",2012,2.41
NA,"World",NA,NA,"Protein supply quantity (g/capita/day)","Starchy roots","g/cap/d","Per capita",2013,2.42
NA,"World",NA,NA,"Protein supply quantity (g/capita/day)","Starchy roots","g/cap/d","Per capita",2014,2.43
NA,"World",NA,NA,"Protein supply quantity (g/capita/day)","Starchy roots","g/cap/d","Per capita",2015,2.37
NA,"World",NA,NA,"Protein supply quantity (g/capita/day)","Starchy roots","g/cap/d","Per capita",2016,2.37
NA,"World",NA,NA,"Protein supply quantity (g/capita/day)","Starchy roots","g/cap/d","Per capita",2017,2.4
NA,"World",NA,NA,"Protein supply quantity (g/capita/day)","Starchy roots","g/cap/d","Per capita",2018,2.39
NA,"World",NA,NA,"Protein supply quantity (g/capita/day)","Starchy roots","g/cap/d","Per capita",2019,2.4
NA,"World",NA,NA,"Protein supply quantity (g/capita/day)","Starchy roots","g/cap/d","Per capita",2020,2.34
NA,"World",NA,NA,"Protein supply quantity (g/capita/day)","Starchy roots","g/cap/d","Per capita",2021,2.36
NA,"World",NA,NA,"Protein supply quantity (g/capita/day)","Starchy roots","g/cap/d","Per capita",2022,2.4
NA,"World",NA,NA,"Protein supply quantity (g/capita/day)","Starchy roots","g/cap/d","Per capita",2023,2.4299999999999997
NA,"World",NA,NA,"Protein supply quantity (g/capita/day)","Sugar","g/cap/d","Per capita",2010,0.07
NA,"World",NA,NA,"Protein supply quantity (g/capita/day)","Sugar","g/cap/d","Per capita",2011,0.06
NA,"World",NA,NA,"Protein supply quantity (g/capita/day)","Sugar","g/cap/d","Per capita",2012,0.06
NA,"World",NA,NA,"Protein supply quantity (g/capita/day)","Sugar","g/cap/d","Per capita",2013,0.07
NA,"World",NA,NA,"Protein supply quantity (g/capita/day)","Sugar","g/cap/d","Per capita",2014,0.08
NA,"World",NA,NA,"Protein supply quantity (g/capita/day)","Sugar","g/cap/d","Per capita",2015,0.07
NA,"World",NA,NA,"Protein supply quantity (g/capita/day)","Sugar","g/cap/d","Per capita",2016,0.07
NA,"World",NA,NA,"Protein supply quantity (g/capita/day)","Sugar","g/cap/d","Per capita",2017,0.07
NA,"World",NA,NA,"Protein supply quantity (g/capita/day)","Sugar","g/cap/d","Per capita",2018,0.07
NA,"World",NA,NA,"Protein supply quantity (g/capita/day)","Sugar","g/cap/d","Per capita",2019,0.07
NA,"World",NA,NA,"Protein supply quantity (g/capita/day)","Sugar","g/cap/d","Per capita",2020,0.07
NA,"World",NA,NA,"Protein supply quantity (g/capita/day)","Sugar","g/cap/d","Per capita",2021,0.08
NA,"World",NA,NA,"Protein supply quantity (g/capita/day)","Sugar","g/cap/d","Per capita",2022,0.09
NA,"World",NA,NA,"Protein supply quantity (g/capita/day)","Sugar","g/cap/d","Per capita",2023,0.09
NA,"World",NA,NA,"Residuals","Beverages and other","t","Balance",2010,-7348000
NA,"World",NA,NA,"Residuals","Beverages and other","t","Balance",2011,-7236000
NA,"World",NA,NA,"Residuals","Beverages and other","t","Balance",2012,-8688000
NA,"World",NA,NA,"Residuals","Beverages and other","t","Balance",2013,-9103000
NA,"World",NA,NA,"Residuals","Beverages and other","t","Balance",2014,-10894000
NA,"World",NA,NA,"Residuals","Beverages and other","t","Balance",2015,-11886000
NA,"World",NA,NA,"Residuals","Beverages and other","t","Balance",2016,-12706000
NA,"World",NA,NA,"Residuals","Beverages and other","t","Balance",2017,-13590000
NA,"World",NA,NA,"Residuals","Beverages and other","t","Balance",2018,-15397000
NA,"World",NA,NA,"Residuals","Beverages and other","t","Balance",2019,-16919000
NA,"World",NA,NA,"Residuals","Beverages and other","t","Balance",2020,-18394000
NA,"World",NA,NA,"Residuals","Beverages and other","t","Balance",2021,-20053000
NA,"World",NA,NA,"Residuals","Beverages and other","t","Balance",2022,-20443000
NA,"World",NA,NA,"Residuals","Beverages and other","t","Balance",2023,-20281000
NA,"World",NA,NA,"Residuals","Cereals","t","Balance",2010,2782000
NA,"World",NA,NA,"Residuals","Cereals","t","Balance",2011,3845000
NA,"World",NA,NA,"Residuals","Cereals","t","Balance",2012,-7210000
NA,"World",NA,NA,"Residuals","Cereals","t","Balance",2013,5989000
NA,"World",NA,NA,"Residuals","Cereals","t","Balance",2014,2941000
NA,"World",NA,NA,"Residuals","Cereals","t","Balance",2015,-3073000
NA,"World",NA,NA,"Residuals","Cereals","t","Balance",2016,7233000
NA,"World",NA,NA,"Residuals","Cereals","t","Balance",2017,-4326000
NA,"World",NA,NA,"Residuals","Cereals","t","Balance",2018,7162000
NA,"World",NA,NA,"Residuals","Cereals","t","Balance",2019,-5831000
NA,"World",NA,NA,"Residuals","Cereals","t","Balance",2020,-10740000
NA,"World",NA,NA,"Residuals","Cereals","t","Balance",2021,733000
NA,"World",NA,NA,"Residuals","Cereals","t","Balance",2022,1571000
NA,"World",NA,NA,"Residuals","Cereals","t","Balance",2023,-1258000
NA,"World",NA,NA,"Residuals","Dairy and eggs (excl. butter)","t","Balance",2010,-16334000
NA,"World",NA,NA,"Residuals","Dairy and eggs (excl. butter)","t","Balance",2011,-15074000
NA,"World",NA,NA,"Residuals","Dairy and eggs (excl. butter)","t","Balance",2012,-25092000
NA,"World",NA,NA,"Residuals","Dairy and eggs (excl. butter)","t","Balance",2013,-26740000
NA,"World",NA,NA,"Residuals","Dairy and eggs (excl. butter)","t","Balance",2014,-7692000
NA,"World",NA,NA,"Residuals","Dairy and eggs (excl. butter)","t","Balance",2015,-6328000
NA,"World",NA,NA,"Residuals","Dairy and eggs (excl. butter)","t","Balance",2016,-8970000
NA,"World",NA,NA,"Residuals","Dairy and eggs (excl. butter)","t","Balance",2017,-15038000
NA,"World",NA,NA,"Residuals","Dairy and eggs (excl. butter)","t","Balance",2018,-17312000
NA,"World",NA,NA,"Residuals","Dairy and eggs (excl. butter)","t","Balance",2019,-23646000
NA,"World",NA,NA,"Residuals","Dairy and eggs (excl. butter)","t","Balance",2020,-25188000
NA,"World",NA,NA,"Residuals","Dairy and eggs (excl. butter)","t","Balance",2021,-23730000
NA,"World",NA,NA,"Residuals","Dairy and eggs (excl. butter)","t","Balance",2022,-23748000
NA,"World",NA,NA,"Residuals","Dairy and eggs (excl. butter)","t","Balance",2023,-20144000
NA,"World",NA,NA,"Residuals","Fats and oils","t","Balance",2010,30614000
NA,"World",NA,NA,"Residuals","Fats and oils","t","Balance",2011,35657000
NA,"World",NA,NA,"Residuals","Fats and oils","t","Balance",2012,26767000
NA,"World",NA,NA,"Residuals","Fats and oils","t","Balance",2013,5713000
NA,"World",NA,NA,"Residuals","Fats and oils","t","Balance",2014,11925000
NA,"World",NA,NA,"Residuals","Fats and oils","t","Balance",2015,6242000
NA,"World",NA,NA,"Residuals","Fats and oils","t","Balance",2016,10675000
NA,"World",NA,NA,"Residuals","Fats and oils","t","Balance",2017,25205000
NA,"World",NA,NA,"Residuals","Fats and oils","t","Balance",2018,19377000
NA,"World",NA,NA,"Residuals","Fats and oils","t","Balance",2019,-40433000
NA,"World",NA,NA,"Residuals","Fats and oils","t","Balance",2020,-32784000
NA,"World",NA,NA,"Residuals","Fats and oils","t","Balance",2021,-33044000
NA,"World",NA,NA,"Residuals","Fats and oils","t","Balance",2022,-12470000
NA,"World",NA,NA,"Residuals","Fats and oils","t","Balance",2023,-14444000
NA,"World",NA,NA,"Residuals","Fish and seafood","t","Balance",2010,0
NA,"World",NA,NA,"Residuals","Fish and seafood","t","Balance",2011,0
NA,"World",NA,NA,"Residuals","Fish and seafood","t","Balance",2012,0
NA,"World",NA,NA,"Residuals","Fish and seafood","t","Balance",2013,0
NA,"World",NA,NA,"Residuals","Fish and seafood","t","Balance",2014,0
NA,"World",NA,NA,"Residuals","Fish and seafood","t","Balance",2015,0
NA,"World",NA,NA,"Residuals","Fish and seafood","t","Balance",2016,0
NA,"World",NA,NA,"Residuals","Fish and seafood","t","Balance",2017,0
NA,"World",NA,NA,"Residuals","Fish and seafood","t","Balance",2018,0
NA,"World",NA,NA,"Residuals","Fish and seafood","t","Balance",2019,0
NA,"World",NA,NA,"Residuals","Fish and seafood","t","Balance",2020,0
NA,"World",NA,NA,"Residuals","Fish and seafood","t","Balance",2021,-5000
NA,"World",NA,NA,"Residuals","Fish and seafood","t","Balance",2022,-5000
NA,"World",NA,NA,"Residuals","Fish and seafood","t","Balance",2023,-5000
NA,"World",NA,NA,"Residuals","Fruits and vegetables","t","Balance",2010,6977000
NA,"World",NA,NA,"Residuals","Fruits and vegetables","t","Balance",2011,8141000
NA,"World",NA,NA,"Residuals","Fruits and vegetables","t","Balance",2012,7453000
NA,"World",NA,NA,"Residuals","Fruits and vegetables","t","Balance",2013,9162000
NA,"World",NA,NA,"Residuals","Fruits and vegetables","t","Balance",2014,2756000
NA,"World",NA,NA,"Residuals","Fruits and vegetables","t","Balance",2015,-2709000
NA,"World",NA,NA,"Residuals","Fruits and vegetables","t","Balance",2016,1474000
NA,"World",NA,NA,"Residuals","Fruits and vegetables","t","Balance",2017,12000
NA,"World",NA,NA,"Residuals","Fruits and vegetables","t","Balance",2018,-1504000
NA,"World",NA,NA,"Residuals","Fruits and vegetables","t","Balance",2019,-2564000
NA,"World",NA,NA,"Residuals","Fruits and vegetables","t","Balance",2020,-5698000
NA,"World",NA,NA,"Residuals","Fruits and vegetables","t","Balance",2021,-6339000
NA,"World",NA,NA,"Residuals","Fruits and vegetables","t","Balance",2022,-8925000
NA,"World",NA,NA,"Residuals","Fruits and vegetables","t","Balance",2023,-5025000
NA,"World",NA,NA,"Residuals","Meat","t","Balance",2010,673000
NA,"World",NA,NA,"Residuals","Meat","t","Balance",2011,879000
NA,"World",NA,NA,"Residuals","Meat","t","Balance",2012,675000
NA,"World",NA,NA,"Residuals","Meat","t","Balance",2013,571000
NA,"World",NA,NA,"Residuals","Meat","t","Balance",2014,232000
NA,"World",NA,NA,"Residuals","Meat","t","Balance",2015,819000
NA,"World",NA,NA,"Residuals","Meat","t","Balance",2016,497000
NA,"World",NA,NA,"Residuals","Meat","t","Balance",2017,198000
NA,"World",NA,NA,"Residuals","Meat","t","Balance",2018,-1063000
NA,"World",NA,NA,"Residuals","Meat","t","Balance",2019,-1917000
NA,"World",NA,NA,"Residuals","Meat","t","Balance",2020,-737000
NA,"World",NA,NA,"Residuals","Meat","t","Balance",2021,-1129000
NA,"World",NA,NA,"Residuals","Meat","t","Balance",2022,-1628000
NA,"World",NA,NA,"Residuals","Meat","t","Balance",2023,-1657000
NA,"World",NA,NA,"Residuals","Pulses","t","Balance",2010,-86000
NA,"World",NA,NA,"Residuals","Pulses","t","Balance",2011,-100000
NA,"World",NA,NA,"Residuals","Pulses","t","Balance",2012,-359000
NA,"World",NA,NA,"Residuals","Pulses","t","Balance",2013,-54000
NA,"World",NA,NA,"Residuals","Pulses","t","Balance",2014,-590000
NA,"World",NA,NA,"Residuals","Pulses","t","Balance",2015,-569000
NA,"World",NA,NA,"Residuals","Pulses","t","Balance",2016,-372000
NA,"World",NA,NA,"Residuals","Pulses","t","Balance",2017,-437000
NA,"World",NA,NA,"Residuals","Pulses","t","Balance",2018,-977000
NA,"World",NA,NA,"Residuals","Pulses","t","Balance",2019,-1096000
NA,"World",NA,NA,"Residuals","Pulses","t","Balance",2020,-1058000
NA,"World",NA,NA,"Residuals","Pulses","t","Balance",2021,-1097000
NA,"World",NA,NA,"Residuals","Pulses","t","Balance",2022,-1548000
NA,"World",NA,NA,"Residuals","Pulses","t","Balance",2023,-1773000
NA,"World",NA,NA,"Residuals","Starchy roots","t","Balance",2010,-521000
NA,"World",NA,NA,"Residuals","Starchy roots","t","Balance",2011,993000
NA,"World",NA,NA,"Residuals","Starchy roots","t","Balance",2012,967000
NA,"World",NA,NA,"Residuals","Starchy roots","t","Balance",2013,1221000
NA,"World",NA,NA,"Residuals","Starchy roots","t","Balance",2014,15394000
NA,"World",NA,NA,"Residuals","Starchy roots","t","Balance",2015,15248000
NA,"World",NA,NA,"Residuals","Starchy roots","t","Balance",2016,20089000
NA,"World",NA,NA,"Residuals","Starchy roots","t","Balance",2017,18090000
NA,"World",NA,NA,"Residuals","Starchy roots","t","Balance",2018,15674000
NA,"World",NA,NA,"Residuals","Starchy roots","t","Balance",2019,12051000
NA,"World",NA,NA,"Residuals","Starchy roots","t","Balance",2020,3228000
NA,"World",NA,NA,"Residuals","Starchy roots","t","Balance",2021,4639000
NA,"World",NA,NA,"Residuals","Starchy roots","t","Balance",2022,8562000
NA,"World",NA,NA,"Residuals","Starchy roots","t","Balance",2023,6838000
NA,"World",NA,NA,"Residuals","Sugar","t","Balance",2010,134615000
NA,"World",NA,NA,"Residuals","Sugar","t","Balance",2011,204913000
NA,"World",NA,NA,"Residuals","Sugar","t","Balance",2012,211302000
NA,"World",NA,NA,"Residuals","Sugar","t","Balance",2013,205099000
NA,"World",NA,NA,"Residuals","Sugar","t","Balance",2014,-53008000
NA,"World",NA,NA,"Residuals","Sugar","t","Balance",2015,-75753000
NA,"World",NA,NA,"Residuals","Sugar","t","Balance",2016,-44343000
NA,"World",NA,NA,"Residuals","Sugar","t","Balance",2017,-43787000
NA,"World",NA,NA,"Residuals","Sugar","t","Balance",2018,-3584000
NA,"World",NA,NA,"Residuals","Sugar","t","Balance",2019,12817000
NA,"World",NA,NA,"Residuals","Sugar","t","Balance",2020,40622000
NA,"World",NA,NA,"Residuals","Sugar","t","Balance",2021,-11167000
NA,"World",NA,NA,"Residuals","Sugar","t","Balance",2022,-2287000
NA,"World",NA,NA,"Residuals","Sugar","t","Balance",2023,-1658000
NA,"World",NA,NA,"Seed","Beverages and other","t","Balance",2010,0
NA,"World",NA,NA,"Seed","Beverages and other","t","Balance",2011,0
NA,"World",NA,NA,"Seed","Beverages and other","t","Balance",2012,0
NA,"World",NA,NA,"Seed","Beverages and other","t","Balance",2013,0
NA,"World",NA,NA,"Seed","Beverages and other","t","Balance",2014,0
NA,"World",NA,NA,"Seed","Beverages and other","t","Balance",2015,0
NA,"World",NA,NA,"Seed","Beverages and other","t","Balance",2016,0
NA,"World",NA,NA,"Seed","Beverages and other","t","Balance",2017,0
NA,"World",NA,NA,"Seed","Beverages and other","t","Balance",2018,0
NA,"World",NA,NA,"Seed","Beverages and other","t","Balance",2019,0
NA,"World",NA,NA,"Seed","Beverages and other","t","Balance",2020,0
NA,"World",NA,NA,"Seed","Beverages and other","t","Balance",2021,0
NA,"World",NA,NA,"Seed","Beverages and other","t","Balance",2022,0
NA,"World",NA,NA,"Seed","Beverages and other","t","Balance",2023,0
NA,"World",NA,NA,"Seed","Cereals","t","Balance",2010,71593000
NA,"World",NA,NA,"Seed","Cereals","t","Balance",2011,73835000
NA,"World",NA,NA,"Seed","Cereals","t","Balance",2012,74036000
NA,"World",NA,NA,"Seed","Cereals","t","Balance",2013,73700000
NA,"World",NA,NA,"Seed","Cereals","t","Balance",2014,77129000
NA,"World",NA,NA,"Seed","Cereals","t","Balance",2015,76571000
NA,"World",NA,NA,"Seed","Cereals","t","Balance",2016,76529000
NA,"World",NA,NA,"Seed","Cereals","t","Balance",2017,80391000
NA,"World",NA,NA,"Seed","Cereals","t","Balance",2018,76525000
NA,"World",NA,NA,"Seed","Cereals","t","Balance",2019,74548000
NA,"World",NA,NA,"Seed","Cereals","t","Balance",2020,75181000
NA,"World",NA,NA,"Seed","Cereals","t","Balance",2021,73985000
NA,"World",NA,NA,"Seed","Cereals","t","Balance",2022,76037000
NA,"World",NA,NA,"Seed","Cereals","t","Balance",2023,74888000
NA,"World",NA,NA,"Seed","Dairy and eggs (excl. butter)","t","Balance",2010,8874000
NA,"World",NA,NA,"Seed","Dairy and eggs (excl. butter)","t","Balance",2011,9074000
NA,"World",NA,NA,"Seed","Dairy and eggs (excl. butter)","t","Balance",2012,9370000
NA,"World",NA,NA,"Seed","Dairy and eggs (excl. butter)","t","Balance",2013,9650000
NA,"World",NA,NA,"Seed","Dairy and eggs (excl. butter)","t","Balance",2014,9976000
NA,"World",NA,NA,"Seed","Dairy and eggs (excl. butter)","t","Balance",2015,10206000
NA,"World",NA,NA,"Seed","Dairy and eggs (excl. butter)","t","Balance",2016,10440000
NA,"World",NA,NA,"Seed","Dairy and eggs (excl. butter)","t","Balance",2017,11586000
NA,"World",NA,NA,"Seed","Dairy and eggs (excl. butter)","t","Balance",2018,11948000
NA,"World",NA,NA,"Seed","Dairy and eggs (excl. butter)","t","Balance",2019,12218000
NA,"World",NA,NA,"Seed","Dairy and eggs (excl. butter)","t","Balance",2020,12622000
NA,"World",NA,NA,"Seed","Dairy and eggs (excl. butter)","t","Balance",2021,12758000
NA,"World",NA,NA,"Seed","Dairy and eggs (excl. butter)","t","Balance",2022,12922000
NA,"World",NA,NA,"Seed","Dairy and eggs (excl. butter)","t","Balance",2023,13340000
NA,"World",NA,NA,"Seed","Fats and oils","t","Balance",2010,11890000
NA,"World",NA,NA,"Seed","Fats and oils","t","Balance",2011,11992000
NA,"World",NA,NA,"Seed","Fats and oils","t","Balance",2012,11606000
NA,"World",NA,NA,"Seed","Fats and oils","t","Balance",2013,12550000
NA,"World",NA,NA,"Seed","Fats and oils","t","Balance",2014,12925000
NA,"World",NA,NA,"Seed","Fats and oils","t","Balance",2015,13577000
NA,"World",NA,NA,"Seed","Fats and oils","t","Balance",2016,14085000
NA,"World",NA,NA,"Seed","Fats and oils","t","Balance",2017,14904000
NA,"World",NA,NA,"Seed","Fats and oils","t","Balance",2018,14765000
NA,"World",NA,NA,"Seed","Fats and oils","t","Balance",2019,13446000
NA,"World",NA,NA,"Seed","Fats and oils","t","Balance",2020,13985000
NA,"World",NA,NA,"Seed","Fats and oils","t","Balance",2021,14510000
NA,"World",NA,NA,"Seed","Fats and oils","t","Balance",2022,14505000
NA,"World",NA,NA,"Seed","Fats and oils","t","Balance",2023,14482000
NA,"World",NA,NA,"Seed","Fish and seafood","t","Balance",2010,531000
NA,"World",NA,NA,"Seed","Fish and seafood","t","Balance",2011,515000
NA,"World",NA,NA,"Seed","Fish and seafood","t","Balance",2012,606000
NA,"World",NA,NA,"Seed","Fish and seafood","t","Balance",2013,724000
NA,"World",NA,NA,"Seed","Fish and seafood","t","Balance",2014,407000
NA,"World",NA,NA,"Seed","Fish and seafood","t","Balance",2015,385000
NA,"World",NA,NA,"Seed","Fish and seafood","t","Balance",2016,539000
NA,"World",NA,NA,"Seed","Fish and seafood","t","Balance",2017,412000
NA,"World",NA,NA,"Seed","Fish and seafood","t","Balance",2018,383000
NA,"World",NA,NA,"Seed","Fish and seafood","t","Balance",2019,292000
NA,"World",NA,NA,"Seed","Fish and seafood","t","Balance",2020,293000
NA,"World",NA,NA,"Seed","Fish and seafood","t","Balance",2021,299000
NA,"World",NA,NA,"Seed","Fish and seafood","t","Balance",2022,299000
NA,"World",NA,NA,"Seed","Fish and seafood","t","Balance",2023,299000
NA,"World",NA,NA,"Seed","Fruits and vegetables","t","Balance",2010,21000
NA,"World",NA,NA,"Seed","Fruits and vegetables","t","Balance",2011,21000
NA,"World",NA,NA,"Seed","Fruits and vegetables","t","Balance",2012,21000
NA,"World",NA,NA,"Seed","Fruits and vegetables","t","Balance",2013,20000
NA,"World",NA,NA,"Seed","Fruits and vegetables","t","Balance",2014,38000
NA,"World",NA,NA,"Seed","Fruits and vegetables","t","Balance",2015,40000
NA,"World",NA,NA,"Seed","Fruits and vegetables","t","Balance",2016,43000
NA,"World",NA,NA,"Seed","Fruits and vegetables","t","Balance",2017,42000
NA,"World",NA,NA,"Seed","Fruits and vegetables","t","Balance",2018,35000
NA,"World",NA,NA,"Seed","Fruits and vegetables","t","Balance",2019,0
NA,"World",NA,NA,"Seed","Fruits and vegetables","t","Balance",2020,0
NA,"World",NA,NA,"Seed","Fruits and vegetables","t","Balance",2021,0
NA,"World",NA,NA,"Seed","Fruits and vegetables","t","Balance",2022,0
NA,"World",NA,NA,"Seed","Fruits and vegetables","t","Balance",2023,0
NA,"World",NA,NA,"Seed","Pulses","t","Balance",2010,4216000
NA,"World",NA,NA,"Seed","Pulses","t","Balance",2011,4010000
NA,"World",NA,NA,"Seed","Pulses","t","Balance",2012,4235000
NA,"World",NA,NA,"Seed","Pulses","t","Balance",2013,4387000
NA,"World",NA,NA,"Seed","Pulses","t","Balance",2014,4460000
NA,"World",NA,NA,"Seed","Pulses","t","Balance",2015,4492000
NA,"World",NA,NA,"Seed","Pulses","t","Balance",2016,4947000
NA,"World",NA,NA,"Seed","Pulses","t","Balance",2017,5530000
NA,"World",NA,NA,"Seed","Pulses","t","Balance",2018,5242000
NA,"World",NA,NA,"Seed","Pulses","t","Balance",2019,4719000
NA,"World",NA,NA,"Seed","Pulses","t","Balance",2020,4856000
NA,"World",NA,NA,"Seed","Pulses","t","Balance",2021,4952000
NA,"World",NA,NA,"Seed","Pulses","t","Balance",2022,5262000
NA,"World",NA,NA,"Seed","Pulses","t","Balance",2023,5167000
NA,"World",NA,NA,"Seed","Starchy roots","t","Balance",2010,33445000
NA,"World",NA,NA,"Seed","Starchy roots","t","Balance",2011,34567000
NA,"World",NA,NA,"Seed","Starchy roots","t","Balance",2012,34598000
NA,"World",NA,NA,"Seed","Starchy roots","t","Balance",2013,34369000
NA,"World",NA,NA,"Seed","Starchy roots","t","Balance",2014,34703000
NA,"World",NA,NA,"Seed","Starchy roots","t","Balance",2015,35563000
NA,"World",NA,NA,"Seed","Starchy roots","t","Balance",2016,33472000
NA,"World",NA,NA,"Seed","Starchy roots","t","Balance",2017,33667000
NA,"World",NA,NA,"Seed","Starchy roots","t","Balance",2018,33814000
NA,"World",NA,NA,"Seed","Starchy roots","t","Balance",2019,32915000
NA,"World",NA,NA,"Seed","Starchy roots","t","Balance",2020,47696000
NA,"World",NA,NA,"Seed","Starchy roots","t","Balance",2021,51276000
NA,"World",NA,NA,"Seed","Starchy roots","t","Balance",2022,51170000
NA,"World",NA,NA,"Seed","Starchy roots","t","Balance",2023,52014000
NA,"World",NA,NA,"Seed","Sugar","t","Balance",2010,23519000
NA,"World",NA,NA,"Seed","Sugar","t","Balance",2011,26684000
NA,"World",NA,NA,"Seed","Sugar","t","Balance",2012,28348000
NA,"World",NA,NA,"Seed","Sugar","t","Balance",2013,28980000
NA,"World",NA,NA,"Seed","Sugar","t","Balance",2014,28822000
NA,"World",NA,NA,"Seed","Sugar","t","Balance",2015,29495000
NA,"World",NA,NA,"Seed","Sugar","t","Balance",2016,29743000
NA,"World",NA,NA,"Seed","Sugar","t","Balance",2017,28497000
NA,"World",NA,NA,"Seed","Sugar","t","Balance",2018,30548000
NA,"World",NA,NA,"Seed","Sugar","t","Balance",2019,36393000
NA,"World",NA,NA,"Seed","Sugar","t","Balance",2020,25688000
NA,"World",NA,NA,"Seed","Sugar","t","Balance",2021,36621000
NA,"World",NA,NA,"Seed","Sugar","t","Balance",2022,34990000
NA,"World",NA,NA,"Seed","Sugar","t","Balance",2023,37379000
NA,"World",NA,NA,"Stock Variation","Beverages and other","t","Balance",2010,-1749000
NA,"World",NA,NA,"Stock Variation","Beverages and other","t","Balance",2011,-1012000
NA,"World",NA,NA,"Stock Variation","Beverages and other","t","Balance",2012,250000
NA,"World",NA,NA,"Stock Variation","Beverages and other","t","Balance",2013,6486000
NA,"World",NA,NA,"Stock Variation","Beverages and other","t","Balance",2014,3210000
NA,"World",NA,NA,"Stock Variation","Beverages and other","t","Balance",2015,7022000
NA,"World",NA,NA,"Stock Variation","Beverages and other","t","Balance",2016,8032000
NA,"World",NA,NA,"Stock Variation","Beverages and other","t","Balance",2017,9102000
NA,"World",NA,NA,"Stock Variation","Beverages and other","t","Balance",2018,14950000
NA,"World",NA,NA,"Stock Variation","Beverages and other","t","Balance",2019,14002000
NA,"World",NA,NA,"Stock Variation","Beverages and other","t","Balance",2020,9752000
NA,"World",NA,NA,"Stock Variation","Beverages and other","t","Balance",2021,8703000
NA,"World",NA,NA,"Stock Variation","Beverages and other","t","Balance",2022,9005000
NA,"World",NA,NA,"Stock Variation","Beverages and other","t","Balance",2023,7966000
NA,"World",NA,NA,"Stock Variation","Cereals","t","Balance",2010,-33325000
NA,"World",NA,NA,"Stock Variation","Cereals","t","Balance",2011,37998000
NA,"World",NA,NA,"Stock Variation","Cereals","t","Balance",2012,4006000
NA,"World",NA,NA,"Stock Variation","Cereals","t","Balance",2013,122184000
NA,"World",NA,NA,"Stock Variation","Cereals","t","Balance",2014,141841000
NA,"World",NA,NA,"Stock Variation","Cereals","t","Balance",2015,78767000
NA,"World",NA,NA,"Stock Variation","Cereals","t","Balance",2016,69271000
NA,"World",NA,NA,"Stock Variation","Cereals","t","Balance",2017,79853000
NA,"World",NA,NA,"Stock Variation","Cereals","t","Balance",2018,25096000
NA,"World",NA,NA,"Stock Variation","Cereals","t","Balance",2019,21953000
NA,"World",NA,NA,"Stock Variation","Cereals","t","Balance",2020,14784000
NA,"World",NA,NA,"Stock Variation","Cereals","t","Balance",2021,38562000
NA,"World",NA,NA,"Stock Variation","Cereals","t","Balance",2022,27960000
NA,"World",NA,NA,"Stock Variation","Cereals","t","Balance",2023,48752000
NA,"World",NA,NA,"Stock Variation","Dairy and eggs (excl. butter)","t","Balance",2010,-4864000
NA,"World",NA,NA,"Stock Variation","Dairy and eggs (excl. butter)","t","Balance",2011,-2378000
NA,"World",NA,NA,"Stock Variation","Dairy and eggs (excl. butter)","t","Balance",2012,80000
NA,"World",NA,NA,"Stock Variation","Dairy and eggs (excl. butter)","t","Balance",2013,1072000
NA,"World",NA,NA,"Stock Variation","Dairy and eggs (excl. butter)","t","Balance",2014,9200000
NA,"World",NA,NA,"Stock Variation","Dairy and eggs (excl. butter)","t","Balance",2015,11580000
NA,"World",NA,NA,"Stock Variation","Dairy and eggs (excl. butter)","t","Balance",2016,6564000
NA,"World",NA,NA,"Stock Variation","Dairy and eggs (excl. butter)","t","Balance",2017,10706000
NA,"World",NA,NA,"Stock Variation","Dairy and eggs (excl. butter)","t","Balance",2018,8690000
NA,"World",NA,NA,"Stock Variation","Dairy and eggs (excl. butter)","t","Balance",2019,11022000
NA,"World",NA,NA,"Stock Variation","Dairy and eggs (excl. butter)","t","Balance",2020,8274000
NA,"World",NA,NA,"Stock Variation","Dairy and eggs (excl. butter)","t","Balance",2021,7792000
NA,"World",NA,NA,"Stock Variation","Dairy and eggs (excl. butter)","t","Balance",2022,11958000
NA,"World",NA,NA,"Stock Variation","Dairy and eggs (excl. butter)","t","Balance",2023,10150000
NA,"World",NA,NA,"Stock Variation","Fats and oils","t","Balance",2010,-11882000
NA,"World",NA,NA,"Stock Variation","Fats and oils","t","Balance",2011,-4902000
NA,"World",NA,NA,"Stock Variation","Fats and oils","t","Balance",2012,-41096000
NA,"World",NA,NA,"Stock Variation","Fats and oils","t","Balance",2013,25382000
NA,"World",NA,NA,"Stock Variation","Fats and oils","t","Balance",2014,15968000
NA,"World",NA,NA,"Stock Variation","Fats and oils","t","Balance",2015,4536000
NA,"World",NA,NA,"Stock Variation","Fats and oils","t","Balance",2016,8936000
NA,"World",NA,NA,"Stock Variation","Fats and oils","t","Balance",2017,21740000
NA,"World",NA,NA,"Stock Variation","Fats and oils","t","Balance",2018,8312000
NA,"World",NA,NA,"Stock Variation","Fats and oils","t","Balance",2019,-2786000
NA,"World",NA,NA,"Stock Variation","Fats and oils","t","Balance",2020,-1748000
NA,"World",NA,NA,"Stock Variation","Fats and oils","t","Balance",2021,17817000
NA,"World",NA,NA,"Stock Variation","Fats and oils","t","Balance",2022,-5313000
NA,"World",NA,NA,"Stock Variation","Fats and oils","t","Balance",2023,-9339000
NA,"World",NA,NA,"Stock Variation","Fish and seafood","t","Balance",2010,-1244000
NA,"World",NA,NA,"Stock Variation","Fish and seafood","t","Balance",2011,1491000
NA,"World",NA,NA,"Stock Variation","Fish and seafood","t","Balance",2012,-2111000
NA,"World",NA,NA,"Stock Variation","Fish and seafood","t","Balance",2013,191000
NA,"World",NA,NA,"Stock Variation","Fish and seafood","t","Balance",2014,-962000
NA,"World",NA,NA,"Stock Variation","Fish and seafood","t","Balance",2015,550000
NA,"World",NA,NA,"Stock Variation","Fish and seafood","t","Balance",2016,-662000
NA,"World",NA,NA,"Stock Variation","Fish and seafood","t","Balance",2017,-1838000
NA,"World",NA,NA,"Stock Variation","Fish and seafood","t","Balance",2018,2081000
NA,"World",NA,NA,"Stock Variation","Fish and seafood","t","Balance",2019,-1690000
NA,"World",NA,NA,"Stock Variation","Fish and seafood","t","Balance",2020,187000
NA,"World",NA,NA,"Stock Variation","Fish and seafood","t","Balance",2021,-557000
NA,"World",NA,NA,"Stock Variation","Fish and seafood","t","Balance",2022,-557000
NA,"World",NA,NA,"Stock Variation","Fish and seafood","t","Balance",2023,-557000
NA,"World",NA,NA,"Stock Variation","Fruits and vegetables","t","Balance",2010,-8501000
NA,"World",NA,NA,"Stock Variation","Fruits and vegetables","t","Balance",2011,-3141000
NA,"World",NA,NA,"Stock Variation","Fruits and vegetables","t","Balance",2012,-2838000
NA,"World",NA,NA,"Stock Variation","Fruits and vegetables","t","Balance",2013,1778000
NA,"World",NA,NA,"Stock Variation","Fruits and vegetables","t","Balance",2014,22817000
NA,"World",NA,NA,"Stock Variation","Fruits and vegetables","t","Balance",2015,26727000
NA,"World",NA,NA,"Stock Variation","Fruits and vegetables","t","Balance",2016,24297000
NA,"World",NA,NA,"Stock Variation","Fruits and vegetables","t","Balance",2017,14495000
NA,"World",NA,NA,"Stock Variation","Fruits and vegetables","t","Balance",2018,12743000
NA,"World",NA,NA,"Stock Variation","Fruits and vegetables","t","Balance",2019,5873000
NA,"World",NA,NA,"Stock Variation","Fruits and vegetables","t","Balance",2020,5587000
NA,"World",NA,NA,"Stock Variation","Fruits and vegetables","t","Balance",2021,5654000
NA,"World",NA,NA,"Stock Variation","Fruits and vegetables","t","Balance",2022,6260000
NA,"World",NA,NA,"Stock Variation","Fruits and vegetables","t","Balance",2023,4049000
NA,"World",NA,NA,"Stock Variation","Meat","t","Balance",2010,-371000
NA,"World",NA,NA,"Stock Variation","Meat","t","Balance",2011,1524000
NA,"World",NA,NA,"Stock Variation","Meat","t","Balance",2012,5240000
NA,"World",NA,NA,"Stock Variation","Meat","t","Balance",2013,5674000
NA,"World",NA,NA,"Stock Variation","Meat","t","Balance",2014,5266000
NA,"World",NA,NA,"Stock Variation","Meat","t","Balance",2015,5144000
NA,"World",NA,NA,"Stock Variation","Meat","t","Balance",2016,3808000
NA,"World",NA,NA,"Stock Variation","Meat","t","Balance",2017,5343000
NA,"World",NA,NA,"Stock Variation","Meat","t","Balance",2018,6445000
NA,"World",NA,NA,"Stock Variation","Meat","t","Balance",2019,-4801000
NA,"World",NA,NA,"Stock Variation","Meat","t","Balance",2020,5564000
NA,"World",NA,NA,"Stock Variation","Meat","t","Balance",2021,7477000
NA,"World",NA,NA,"Stock Variation","Meat","t","Balance",2022,2197000
NA,"World",NA,NA,"Stock Variation","Meat","t","Balance",2023,444000
NA,"World",NA,NA,"Stock Variation","Pulses","t","Balance",2010,184000
NA,"World",NA,NA,"Stock Variation","Pulses","t","Balance",2011,-1901000
NA,"World",NA,NA,"Stock Variation","Pulses","t","Balance",2012,573000
NA,"World",NA,NA,"Stock Variation","Pulses","t","Balance",2013,2690000
NA,"World",NA,NA,"Stock Variation","Pulses","t","Balance",2014,2505000
NA,"World",NA,NA,"Stock Variation","Pulses","t","Balance",2015,638000
NA,"World",NA,NA,"Stock Variation","Pulses","t","Balance",2016,2823000
NA,"World",NA,NA,"Stock Variation","Pulses","t","Balance",2017,7730000
NA,"World",NA,NA,"Stock Variation","Pulses","t","Balance",2018,5196000
NA,"World",NA,NA,"Stock Variation","Pulses","t","Balance",2019,67000
NA,"World",NA,NA,"Stock Variation","Pulses","t","Balance",2020,2371000
NA,"World",NA,NA,"Stock Variation","Pulses","t","Balance",2021,441000
NA,"World",NA,NA,"Stock Variation","Pulses","t","Balance",2022,2162000
NA,"World",NA,NA,"Stock Variation","Pulses","t","Balance",2023,929000
NA,"World",NA,NA,"Stock Variation","Starchy roots","t","Balance",2010,-17997000
NA,"World",NA,NA,"Stock Variation","Starchy roots","t","Balance",2011,6848000
NA,"World",NA,NA,"Stock Variation","Starchy roots","t","Balance",2012,-6090000
NA,"World",NA,NA,"Stock Variation","Starchy roots","t","Balance",2013,3927000
NA,"World",NA,NA,"Stock Variation","Starchy roots","t","Balance",2014,-746000
NA,"World",NA,NA,"Stock Variation","Starchy roots","t","Balance",2015,4825000
NA,"World",NA,NA,"Stock Variation","Starchy roots","t","Balance",2016,-640000
NA,"World",NA,NA,"Stock Variation","Starchy roots","t","Balance",2017,924000
NA,"World",NA,NA,"Stock Variation","Starchy roots","t","Balance",2018,2641000
NA,"World",NA,NA,"Stock Variation","Starchy roots","t","Balance",2019,2700000
NA,"World",NA,NA,"Stock Variation","Starchy roots","t","Balance",2020,10228000
NA,"World",NA,NA,"Stock Variation","Starchy roots","t","Balance",2021,8049000
NA,"World",NA,NA,"Stock Variation","Starchy roots","t","Balance",2022,5257000
NA,"World",NA,NA,"Stock Variation","Starchy roots","t","Balance",2023,10891000
NA,"World",NA,NA,"Stock Variation","Sugar","t","Balance",2010,-11686000
NA,"World",NA,NA,"Stock Variation","Sugar","t","Balance",2011,923000
NA,"World",NA,NA,"Stock Variation","Sugar","t","Balance",2012,-981000
NA,"World",NA,NA,"Stock Variation","Sugar","t","Balance",2013,-5911000
NA,"World",NA,NA,"Stock Variation","Sugar","t","Balance",2014,11574000
NA,"World",NA,NA,"Stock Variation","Sugar","t","Balance",2015,3883000
NA,"World",NA,NA,"Stock Variation","Sugar","t","Balance",2016,11772000
NA,"World",NA,NA,"Stock Variation","Sugar","t","Balance",2017,13043000
NA,"World",NA,NA,"Stock Variation","Sugar","t","Balance",2018,1319000
NA,"World",NA,NA,"Stock Variation","Sugar","t","Balance",2019,10883000
NA,"World",NA,NA,"Stock Variation","Sugar","t","Balance",2020,-1404000
NA,"World",NA,NA,"Stock Variation","Sugar","t","Balance",2021,10886000
NA,"World",NA,NA,"Stock Variation","Sugar","t","Balance",2022,17000000
NA,"World",NA,NA,"Stock Variation","Sugar","t","Balance",2023,32824000
NA,"World",NA,NA,"Tourist consumption","Beverages and other","t","Balance",2010,634000
NA,"World",NA,NA,"Tourist consumption","Beverages and other","t","Balance",2011,826000
NA,"World",NA,NA,"Tourist consumption","Beverages and other","t","Balance",2012,687000
NA,"World",NA,NA,"Tourist consumption","Beverages and other","t","Balance",2013,833000
NA,"World",NA,NA,"Tourist consumption","Beverages and other","t","Balance",2014,512000
NA,"World",NA,NA,"Tourist consumption","Beverages and other","t","Balance",2015,437000
NA,"World",NA,NA,"Tourist consumption","Beverages and other","t","Balance",2016,476000
NA,"World",NA,NA,"Tourist consumption","Beverages and other","t","Balance",2017,622000
NA,"World",NA,NA,"Tourist consumption","Beverages and other","t","Balance",2018,578000
NA,"World",NA,NA,"Tourist consumption","Beverages and other","t","Balance",2019,621000
NA,"World",NA,NA,"Tourist consumption","Beverages and other","t","Balance",2020,14000
NA,"World",NA,NA,"Tourist consumption","Beverages and other","t","Balance",2021,15000
NA,"World",NA,NA,"Tourist consumption","Beverages and other","t","Balance",2022,708000
NA,"World",NA,NA,"Tourist consumption","Beverages and other","t","Balance",2023,613000
NA,"World",NA,NA,"Tourist consumption","Cereals","t","Balance",2010,1078000
NA,"World",NA,NA,"Tourist consumption","Cereals","t","Balance",2011,1325000
NA,"World",NA,NA,"Tourist consumption","Cereals","t","Balance",2012,1740000
NA,"World",NA,NA,"Tourist consumption","Cereals","t","Balance",2013,1653000
NA,"World",NA,NA,"Tourist consumption","Cereals","t","Balance",2014,1468000
NA,"World",NA,NA,"Tourist consumption","Cereals","t","Balance",2015,1237000
NA,"World",NA,NA,"Tourist consumption","Cereals","t","Balance",2016,1074000
NA,"World",NA,NA,"Tourist consumption","Cereals","t","Balance",2017,1170000
NA,"World",NA,NA,"Tourist consumption","Cereals","t","Balance",2018,1317000
NA,"World",NA,NA,"Tourist consumption","Cereals","t","Balance",2019,901000
NA,"World",NA,NA,"Tourist consumption","Cereals","t","Balance",2020,24000
NA,"World",NA,NA,"Tourist consumption","Cereals","t","Balance",2021,22000
NA,"World",NA,NA,"Tourist consumption","Cereals","t","Balance",2022,820000
NA,"World",NA,NA,"Tourist consumption","Cereals","t","Balance",2023,678000
NA,"World",NA,NA,"Tourist consumption","Dairy and eggs (excl. butter)","t","Balance",2010,1174000
NA,"World",NA,NA,"Tourist consumption","Dairy and eggs (excl. butter)","t","Balance",2011,1222000
NA,"World",NA,NA,"Tourist consumption","Dairy and eggs (excl. butter)","t","Balance",2012,1402000
NA,"World",NA,NA,"Tourist consumption","Dairy and eggs (excl. butter)","t","Balance",2013,1746000
NA,"World",NA,NA,"Tourist consumption","Dairy and eggs (excl. butter)","t","Balance",2014,2056000
NA,"World",NA,NA,"Tourist consumption","Dairy and eggs (excl. butter)","t","Balance",2015,1994000
NA,"World",NA,NA,"Tourist consumption","Dairy and eggs (excl. butter)","t","Balance",2016,2008000
NA,"World",NA,NA,"Tourist consumption","Dairy and eggs (excl. butter)","t","Balance",2017,2042000
NA,"World",NA,NA,"Tourist consumption","Dairy and eggs (excl. butter)","t","Balance",2018,2184000
NA,"World",NA,NA,"Tourist consumption","Dairy and eggs (excl. butter)","t","Balance",2019,2064000
NA,"World",NA,NA,"Tourist consumption","Dairy and eggs (excl. butter)","t","Balance",2020,24000
NA,"World",NA,NA,"Tourist consumption","Dairy and eggs (excl. butter)","t","Balance",2021,32000
NA,"World",NA,NA,"Tourist consumption","Dairy and eggs (excl. butter)","t","Balance",2022,2308000
NA,"World",NA,NA,"Tourist consumption","Dairy and eggs (excl. butter)","t","Balance",2023,1968000
NA,"World",NA,NA,"Tourist consumption","Fats and oils","t","Balance",2010,603000
NA,"World",NA,NA,"Tourist consumption","Fats and oils","t","Balance",2011,677000
NA,"World",NA,NA,"Tourist consumption","Fats and oils","t","Balance",2012,604000
NA,"World",NA,NA,"Tourist consumption","Fats and oils","t","Balance",2013,726000
NA,"World",NA,NA,"Tourist consumption","Fats and oils","t","Balance",2014,612000
NA,"World",NA,NA,"Tourist consumption","Fats and oils","t","Balance",2015,1083000
NA,"World",NA,NA,"Tourist consumption","Fats and oils","t","Balance",2016,555000
NA,"World",NA,NA,"Tourist consumption","Fats and oils","t","Balance",2017,523000
NA,"World",NA,NA,"Tourist consumption","Fats and oils","t","Balance",2018,550000
NA,"World",NA,NA,"Tourist consumption","Fats and oils","t","Balance",2019,505000
NA,"World",NA,NA,"Tourist consumption","Fats and oils","t","Balance",2020,469000
NA,"World",NA,NA,"Tourist consumption","Fats and oils","t","Balance",2021,416000
NA,"World",NA,NA,"Tourist consumption","Fats and oils","t","Balance",2022,636000
NA,"World",NA,NA,"Tourist consumption","Fats and oils","t","Balance",2023,586000
NA,"World",NA,NA,"Tourist consumption","Fruits and vegetables","t","Balance",2010,1342000
NA,"World",NA,NA,"Tourist consumption","Fruits and vegetables","t","Balance",2011,1292000
NA,"World",NA,NA,"Tourist consumption","Fruits and vegetables","t","Balance",2012,1387000
NA,"World",NA,NA,"Tourist consumption","Fruits and vegetables","t","Balance",2013,1426000
NA,"World",NA,NA,"Tourist consumption","Fruits and vegetables","t","Balance",2014,1651000
NA,"World",NA,NA,"Tourist consumption","Fruits and vegetables","t","Balance",2015,1696000
NA,"World",NA,NA,"Tourist consumption","Fruits and vegetables","t","Balance",2016,1610000
NA,"World",NA,NA,"Tourist consumption","Fruits and vegetables","t","Balance",2017,1605000
NA,"World",NA,NA,"Tourist consumption","Fruits and vegetables","t","Balance",2018,1350000
NA,"World",NA,NA,"Tourist consumption","Fruits and vegetables","t","Balance",2019,1471000
NA,"World",NA,NA,"Tourist consumption","Fruits and vegetables","t","Balance",2020,14000
NA,"World",NA,NA,"Tourist consumption","Fruits and vegetables","t","Balance",2021,16000
NA,"World",NA,NA,"Tourist consumption","Fruits and vegetables","t","Balance",2022,1385000
NA,"World",NA,NA,"Tourist consumption","Fruits and vegetables","t","Balance",2023,1390000
NA,"World",NA,NA,"Tourist consumption","Meat","t","Balance",2010,602000
NA,"World",NA,NA,"Tourist consumption","Meat","t","Balance",2011,719000
NA,"World",NA,NA,"Tourist consumption","Meat","t","Balance",2012,665000
NA,"World",NA,NA,"Tourist consumption","Meat","t","Balance",2013,618000
NA,"World",NA,NA,"Tourist consumption","Meat","t","Balance",2014,1003000
NA,"World",NA,NA,"Tourist consumption","Meat","t","Balance",2015,847000
NA,"World",NA,NA,"Tourist consumption","Meat","t","Balance",2016,945000
NA,"World",NA,NA,"Tourist consumption","Meat","t","Balance",2017,1026000
NA,"World",NA,NA,"Tourist consumption","Meat","t","Balance",2018,1024000
NA,"World",NA,NA,"Tourist consumption","Meat","t","Balance",2019,1097000
NA,"World",NA,NA,"Tourist consumption","Meat","t","Balance",2020,5000
NA,"World",NA,NA,"Tourist consumption","Meat","t","Balance",2021,6000
NA,"World",NA,NA,"Tourist consumption","Meat","t","Balance",2022,636000
NA,"World",NA,NA,"Tourist consumption","Meat","t","Balance",2023,436000
NA,"World",NA,NA,"Tourist consumption","Pulses","t","Balance",2010,56000
NA,"World",NA,NA,"Tourist consumption","Pulses","t","Balance",2011,120000
NA,"World",NA,NA,"Tourist consumption","Pulses","t","Balance",2012,86000
NA,"World",NA,NA,"Tourist consumption","Pulses","t","Balance",2013,130000
NA,"World",NA,NA,"Tourist consumption","Pulses","t","Balance",2014,127000
NA,"World",NA,NA,"Tourist consumption","Pulses","t","Balance",2015,127000
NA,"World",NA,NA,"Tourist consumption","Pulses","t","Balance",2016,121000
NA,"World",NA,NA,"Tourist consumption","Pulses","t","Balance",2017,158000
NA,"World",NA,NA,"Tourist consumption","Pulses","t","Balance",2018,111000
NA,"World",NA,NA,"Tourist consumption","Pulses","t","Balance",2019,117000
NA,"World",NA,NA,"Tourist consumption","Pulses","t","Balance",2020,0
NA,"World",NA,NA,"Tourist consumption","Pulses","t","Balance",2021,0
NA,"World",NA,NA,"Tourist consumption","Pulses","t","Balance",2022,104000
NA,"World",NA,NA,"Tourist consumption","Pulses","t","Balance",2023,114000
NA,"World",NA,NA,"Tourist consumption","Starchy roots","t","Balance",2010,129000
NA,"World",NA,NA,"Tourist consumption","Starchy roots","t","Balance",2011,166000
NA,"World",NA,NA,"Tourist consumption","Starchy roots","t","Balance",2012,132000
NA,"World",NA,NA,"Tourist consumption","Starchy roots","t","Balance",2013,175000
NA,"World",NA,NA,"Tourist consumption","Starchy roots","t","Balance",2014,181000
NA,"World",NA,NA,"Tourist consumption","Starchy roots","t","Balance",2015,187000
NA,"World",NA,NA,"Tourist consumption","Starchy roots","t","Balance",2016,184000
NA,"World",NA,NA,"Tourist consumption","Starchy roots","t","Balance",2017,192000
NA,"World",NA,NA,"Tourist consumption","Starchy roots","t","Balance",2018,182000
NA,"World",NA,NA,"Tourist consumption","Starchy roots","t","Balance",2019,198000
NA,"World",NA,NA,"Tourist consumption","Starchy roots","t","Balance",2020,8000
NA,"World",NA,NA,"Tourist consumption","Starchy roots","t","Balance",2021,12000
NA,"World",NA,NA,"Tourist consumption","Starchy roots","t","Balance",2022,323000
NA,"World",NA,NA,"Tourist consumption","Starchy roots","t","Balance",2023,329000
NA,"World",NA,NA,"Tourist consumption","Sugar","t","Balance",2010,621000
NA,"World",NA,NA,"Tourist consumption","Sugar","t","Balance",2011,748000
NA,"World",NA,NA,"Tourist consumption","Sugar","t","Balance",2012,735000
NA,"World",NA,NA,"Tourist consumption","Sugar","t","Balance",2013,739000
NA,"World",NA,NA,"Tourist consumption","Sugar","t","Balance",2014,810000
NA,"World",NA,NA,"Tourist consumption","Sugar","t","Balance",2015,847000
NA,"World",NA,NA,"Tourist consumption","Sugar","t","Balance",2016,872000
NA,"World",NA,NA,"Tourist consumption","Sugar","t","Balance",2017,1064000
NA,"World",NA,NA,"Tourist consumption","Sugar","t","Balance",2018,689000
NA,"World",NA,NA,"Tourist consumption","Sugar","t","Balance",2019,264000
NA,"World",NA,NA,"Tourist consumption","Sugar","t","Balance",2020,5000
NA,"World",NA,NA,"Tourist consumption","Sugar","t","Balance",2021,5000
NA,"World",NA,NA,"Tourist consumption","Sugar","t","Balance",2022,356000
NA,"World",NA,NA,"Tourist consumption","Sugar","t","Balance",2023,403000
"HKG","China, Hong Kong Special Administrative Region","Eastern Asia",NA,"Export quantity","Beverages and other","t","Balance",2010,527000
"HKG","China, Hong Kong Special Administrative Region","Eastern Asia",NA,"Export quantity","Beverages and other","t","Balance",2011,741000
"HKG","China, Hong Kong Special Administrative Region","Eastern Asia",NA,"Export quantity","Beverages and other","t","Balance",2012,768000
"HKG","China, Hong Kong Special Administrative Region","Eastern Asia",NA,"Export quantity","Beverages and other","t","Balance",2013,750000
"HKG","China, Hong Kong Special Administrative Region","Eastern Asia",NA,"Export quantity","Beverages and other","t","Balance",2014,604000
"HKG","China, Hong Kong Special Administrative Region","Eastern Asia",NA,"Export quantity","Beverages and other","t","Balance",2015,587000
"HKG","China, Hong Kong Special Administrative Region","Eastern Asia",NA,"Export quantity","Beverages and other","t","Balance",2016,778000
"HKG","China, Hong Kong Special Administrative Region","Eastern Asia",NA,"Export quantity","Beverages and other","t","Balance",2017,788000
"HKG","China, Hong Kong Special Administrative Region","Eastern Asia",NA,"Export quantity","Beverages and other","t","Balance",2018,712000
"HKG","China, Hong Kong Special Administrative Region","Eastern Asia",NA,"Export quantity","Beverages and other","t","Balance",2019,631000
"HKG","China, Hong Kong Special Administrative Region","Eastern Asia",NA,"Export quantity","Beverages and other","t","Balance",2020,450000
"HKG","China, Hong Kong Special Administrative Region","Eastern Asia",NA,"Export quantity","Beverages and other","t","Balance",2021,431000
"HKG","China, Hong Kong Special Administrative Region","Eastern Asia",NA,"Export quantity","Beverages and other","t","Balance",2022,400000
"HKG","China, Hong Kong Special Administrative Region","Eastern Asia",NA,"Export quantity","Beverages and other","t","Balance",2023,409000
"HKG","China, Hong Kong Special Administrative Region","Eastern Asia",NA,"Export quantity","Cereals","t","Balance",2010,116000
"HKG","China, Hong Kong Special Administrative Region","Eastern Asia",NA,"Export quantity","Cereals","t","Balance",2011,125000
"HKG","China, Hong Kong Special Administrative Region","Eastern Asia",NA,"Export quantity","Cereals","t","Balance",2012,127000
"HKG","China, Hong Kong Special Administrative Region","Eastern Asia",NA,"Export quantity","Cereals","t","Balance",2013,128000
"HKG","China, Hong Kong Special Administrative Region","Eastern Asia",NA,"Export quantity","Cereals","t","Balance",2014,139000
"HKG","China, Hong Kong Special Administrative Region","Eastern Asia",NA,"Export quantity","Cereals","t","Balance",2015,131000
"HKG","China, Hong Kong Special Administrative Region","Eastern Asia",NA,"Export quantity","Cereals","t","Balance",2016,135000
"HKG","China, Hong Kong Special Administrative Region","Eastern Asia",NA,"Export quantity","Cereals","t","Balance",2017,126000
"HKG","China, Hong Kong Special Administrative Region","Eastern Asia",NA,"Export quantity","Cereals","t","Balance",2018,141000
"HKG","China, Hong Kong Special Administrative Region","Eastern Asia",NA,"Export quantity","Cereals","t","Balance",2019,121000
"HKG","China, Hong Kong Special Administrative Region","Eastern Asia",NA,"Export quantity","Cereals","t","Balance",2020,104000
"HKG","China, Hong Kong Special Administrative Region","Eastern Asia",NA,"Export quantity","Cereals","t","Balance",2021,114000
"HKG","China, Hong Kong Special Administrative Region","Eastern Asia",NA,"Export quantity","Cereals","t","Balance",2022,84000
"HKG","China, Hong Kong Special Administrative Region","Eastern Asia",NA,"Export quantity","Cereals","t","Balance",2023,79000
"HKG","China, Hong Kong Special Administrative Region","Eastern Asia",NA,"Export quantity","Dairy and eggs (excl. butter)","t","Balance",2010,192000
"HKG","China, Hong Kong Special Administrative Region","Eastern Asia",NA,"Export quantity","Dairy and eggs (excl. butter)","t","Balance",2011,240000
"HKG","China, Hong Kong Special Administrative Region","Eastern Asia",NA,"Export quantity","Dairy and eggs (excl. butter)","t","Balance",2012,238000
"HKG","China, Hong Kong Special Administrative Region","Eastern Asia",NA,"Export quantity","Dairy and eggs (excl. butter)","t","Balance",2013,212000
"HKG","China, Hong Kong Special Administrative Region","Eastern Asia",NA,"Export quantity","Dairy and eggs (excl. butter)","t","Balance",2014,326000
"HKG","China, Hong Kong Special Administrative Region","Eastern Asia",NA,"Export quantity","Dairy and eggs (excl. butter)","t","Balance",2015,390000
"HKG","China, Hong Kong Special Administrative Region","Eastern Asia",NA,"Export quantity","Dairy and eggs (excl. butter)","t","Balance",2016,532000
"HKG","China, Hong Kong Special Administrative Region","Eastern Asia",NA,"Export quantity","Dairy and eggs (excl. butter)","t","Balance",2017,740000
"HKG","China, Hong Kong Special Administrative Region","Eastern Asia",NA,"Export quantity","Dairy and eggs (excl. butter)","t","Balance",2018,830000
"HKG","China, Hong Kong Special Administrative Region","Eastern Asia",NA,"Export quantity","Dairy and eggs (excl. butter)","t","Balance",2019,816000
"HKG","China, Hong Kong Special Administrative Region","Eastern Asia",NA,"Export quantity","Dairy and eggs (excl. butter)","t","Balance",2020,522000
"HKG","China, Hong Kong Special Administrative Region","Eastern Asia",NA,"Export quantity","Dairy and eggs (excl. butter)","t","Balance",2021,402000
"HKG","China, Hong Kong Special Administrative Region","Eastern Asia",NA,"Export quantity","Dairy and eggs (excl. butter)","t","Balance",2022,318000
"HKG","China, Hong Kong Special Administrative Region","Eastern Asia",NA,"Export quantity","Dairy and eggs (excl. butter)","t","Balance",2023,288000
"HKG","China, Hong Kong Special Administrative Region","Eastern Asia",NA,"Export quantity","Fats and oils","t","Balance",2010,105000
"HKG","China, Hong Kong Special Administrative Region","Eastern Asia",NA,"Export quantity","Fats and oils","t","Balance",2011,105000
"HKG","China, Hong Kong Special Administrative Region","Eastern Asia",NA,"Export quantity","Fats and oils","t","Balance",2012,97000
"HKG","China, Hong Kong Special Administrative Region","Eastern Asia",NA,"Export quantity","Fats and oils","t","Balance",2013,99000
"HKG","China, Hong Kong Special Administrative Region","Eastern Asia",NA,"Export quantity","Fats and oils","t","Balance",2014,76000
"HKG","China, Hong Kong Special Administrative Region","Eastern Asia",NA,"Export quantity","Fats and oils","t","Balance",2015,88000
"HKG","China, Hong Kong Special Administrative Region","Eastern Asia",NA,"Export quantity","Fats and oils","t","Balance",2016,130000
"HKG","China, Hong Kong Special Administrative Region","Eastern Asia",NA,"Export quantity","Fats and oils","t","Balance",2017,88000
"HKG","China, Hong Kong Special Administrative Region","Eastern Asia",NA,"Export quantity","Fats and oils","t","Balance",2018,89000
"HKG","China, Hong Kong Special Administrative Region","Eastern Asia",NA,"Export quantity","Fats and oils","t","Balance",2019,86000
"HKG","China, Hong Kong Special Administrative Region","Eastern Asia",NA,"Export quantity","Fats and oils","t","Balance",2020,57000
"HKG","China, Hong Kong Special Administrative Region","Eastern Asia",NA,"Export quantity","Fats and oils","t","Balance",2021,60000
"HKG","China, Hong Kong Special Administrative Region","Eastern Asia",NA,"Export quantity","Fats and oils","t","Balance",2022,47000
"HKG","China, Hong Kong Special Administrative Region","Eastern Asia",NA,"Export quantity","Fats and oils","t","Balance",2023,58000
"HKG","China, Hong Kong Special Administrative Region","Eastern Asia",NA,"Export quantity","Fish and seafood","t","Balance",2010,295000
"HKG","China, Hong Kong Special Administrative Region","Eastern Asia",NA,"Export quantity","Fish and seafood","t","Balance",2011,305000
"HKG","China, Hong Kong Special Administrative Region","Eastern Asia",NA,"Export quantity","Fish and seafood","t","Balance",2012,312000
"HKG","China, Hong Kong Special Administrative Region","Eastern Asia",NA,"Export quantity","Fish and seafood","t","Balance",2013,403000
"HKG","China, Hong Kong Special Administrative Region","Eastern Asia",NA,"Export quantity","Fish and seafood","t","Balance",2014,346000
"HKG","China, Hong Kong Special Administrative Region","Eastern Asia",NA,"Export quantity","Fish and seafood","t","Balance",2015,225000
"HKG","China, Hong Kong Special Administrative Region","Eastern Asia",NA,"Export quantity","Fish and seafood","t","Balance",2016,211000
"HKG","China, Hong Kong Special Administrative Region","Eastern Asia",NA,"Export quantity","Fish and seafood","t","Balance",2017,220000
"HKG","China, Hong Kong Special Administrative Region","Eastern Asia",NA,"Export quantity","Fish and seafood","t","Balance",2018,194000
"HKG","China, Hong Kong Special Administrative Region","Eastern Asia",NA,"Export quantity","Fish and seafood","t","Balance",2019,176000
"HKG","China, Hong Kong Special Administrative Region","Eastern Asia",NA,"Export quantity","Fish and seafood","t","Balance",2020,122000
"HKG","China, Hong Kong Special Administrative Region","Eastern Asia",NA,"Export quantity","Fish and seafood","t","Balance",2021,138000
"HKG","China, Hong Kong Special Administrative Region","Eastern Asia",NA,"Export quantity","Fish and seafood","t","Balance",2022,138000
"HKG","China, Hong Kong Special Administrative Region","Eastern Asia",NA,"Export quantity","Fish and seafood","t","Balance",2023,138000
"HKG","China, Hong Kong Special Administrative Region","Eastern Asia",NA,"Export quantity","Fruits and vegetables","t","Balance",2010,991000
"HKG","China, Hong Kong Special Administrative Region","Eastern Asia",NA,"Export quantity","Fruits and vegetables","t","Balance",2011,1246000
"HKG","China, Hong Kong Special Administrative Region","Eastern Asia",NA,"Export quantity","Fruits and vegetables","t","Balance",2012,1168000
"HKG","China, Hong Kong Special Administrative Region","Eastern Asia",NA,"Export quantity","Fruits and vegetables","t","Balance",2013,1157000
"HKG","China, Hong Kong Special Administrative Region","Eastern Asia",NA,"Export quantity","Fruits and vegetables","t","Balance",2014,1126000
"HKG","China, Hong Kong Special Administrative Region","Eastern Asia",NA,"Export quantity","Fruits and vegetables","t","Balance",2015,1098000
"HKG","China, Hong Kong Special Administrative Region","Eastern Asia",NA,"Export quantity","Fruits and vegetables","t","Balance",2016,1189000
"HKG","China, Hong Kong Special Administrative Region","Eastern Asia",NA,"Export quantity","Fruits and vegetables","t","Balance",2017,1274000
"HKG","China, Hong Kong Special Administrative Region","Eastern Asia",NA,"Export quantity","Fruits and vegetables","t","Balance",2018,1405000
"HKG","China, Hong Kong Special Administrative Region","Eastern Asia",NA,"Export quantity","Fruits and vegetables","t","Balance",2019,1500000
"HKG","China, Hong Kong Special Administrative Region","Eastern Asia",NA,"Export quantity","Fruits and vegetables","t","Balance",2020,1304000
"HKG","China, Hong Kong Special Administrative Region","Eastern Asia",NA,"Export quantity","Fruits and vegetables","t","Balance",2021,1290000
"HKG","China, Hong Kong Special Administrative Region","Eastern Asia",NA,"Export quantity","Fruits and vegetables","t","Balance",2022,882000
"HKG","China, Hong Kong Special Administrative Region","Eastern Asia",NA,"Export quantity","Fruits and vegetables","t","Balance",2023,678000
"HKG","China, Hong Kong Special Administrative Region","Eastern Asia",NA,"Export quantity","Meat","t","Balance",2010,1636000
"HKG","China, Hong Kong Special Administrative Region","Eastern Asia",NA,"Export quantity","Meat","t","Balance",2011,1531000
"HKG","China, Hong Kong Special Administrative Region","Eastern Asia",NA,"Export quantity","Meat","t","Balance",2012,1206000
"HKG","China, Hong Kong Special Administrative Region","Eastern Asia",NA,"Export quantity","Meat","t","Balance",2013,1446000
"HKG","China, Hong Kong Special Administrative Region","Eastern Asia",NA,"Export quantity","Meat","t","Balance",2014,1425000
"HKG","China, Hong Kong Special Administrative Region","Eastern Asia",NA,"Export quantity","Meat","t","Balance",2015,1301000
"HKG","China, Hong Kong Special Administrative Region","Eastern Asia",NA,"Export quantity","Meat","t","Balance",2016,1397000
"HKG","China, Hong Kong Special Administrative Region","Eastern Asia",NA,"Export quantity","Meat","t","Balance",2017,1439000
"HKG","China, Hong Kong Special Administrative Region","Eastern Asia",NA,"Export quantity","Meat","t","Balance",2018,1265000
"HKG","China, Hong Kong Special Administrative Region","Eastern Asia",NA,"Export quantity","Meat","t","Balance",2019,770000
"HKG","China, Hong Kong Special Administrative Region","Eastern Asia",NA,"Export quantity","Meat","t","Balance",2020,197000
"HKG","China, Hong Kong Special Administrative Region","Eastern Asia",NA,"Export quantity","Meat","t","Balance",2021,180000
"HKG","China, Hong Kong Special Administrative Region","Eastern Asia",NA,"Export quantity","Meat","t","Balance",2022,279000
"HKG","China, Hong Kong Special Administrative Region","Eastern Asia",NA,"Export quantity","Meat","t","Balance",2023,369000
"HKG","China, Hong Kong Special Administrative Region","Eastern Asia",NA,"Export quantity","Pulses","t","Balance",2010,2000
"HKG","China, Hong Kong Special Administrative Region","Eastern Asia",NA,"Export quantity","Pulses","t","Balance",2011,2000
"HKG","China, Hong Kong Special Administrative Region","Eastern Asia",NA,"Export quantity","Pulses","t","Balance",2012,1000
"HKG","China, Hong Kong Special Administrative Region","Eastern Asia",NA,"Export quantity","Pulses","t","Balance",2013,1000
"HKG","China, Hong Kong Special Administrative Region","Eastern Asia",NA,"Export quantity","Pulses","t","Balance",2014,1000
"HKG","China, Hong Kong Special Administrative Region","Eastern Asia",NA,"Export quantity","Pulses","t","Balance",2015,1000
"HKG","China, Hong Kong Special Administrative Region","Eastern Asia",NA,"Export quantity","Pulses","t","Balance",2016,1000
"HKG","China, Hong Kong Special Administrative Region","Eastern Asia",NA,"Export quantity","Pulses","t","Balance",2017,1000
"HKG","China, Hong Kong Special Administrative Region","Eastern Asia",NA,"Export quantity","Pulses","t","Balance",2018,0
"HKG","China, Hong Kong Special Administrative Region","Eastern Asia",NA,"Export quantity","Pulses","t","Balance",2019,1000
"HKG","China, Hong Kong Special Administrative Region","Eastern Asia",NA,"Export quantity","Pulses","t","Balance",2020,0
"HKG","China, Hong Kong Special Administrative Region","Eastern Asia",NA,"Export quantity","Pulses","t","Balance",2021,0
"HKG","China, Hong Kong Special Administrative Region","Eastern Asia",NA,"Export quantity","Pulses","t","Balance",2022,0
"HKG","China, Hong Kong Special Administrative Region","Eastern Asia",NA,"Export quantity","Pulses","t","Balance",2023,0
"HKG","China, Hong Kong Special Administrative Region","Eastern Asia",NA,"Export quantity","Starchy roots","t","Balance",2010,103000
"HKG","China, Hong Kong Special Administrative Region","Eastern Asia",NA,"Export quantity","Starchy roots","t","Balance",2011,86000
"HKG","China, Hong Kong Special Administrative Region","Eastern Asia",NA,"Export quantity","Starchy roots","t","Balance",2012,75000
"HKG","China, Hong Kong Special Administrative Region","Eastern Asia",NA,"Export quantity","Starchy roots","t","Balance",2013,76000
"HKG","China, Hong Kong Special Administrative Region","Eastern Asia",NA,"Export quantity","Starchy roots","t","Balance",2014,70000
"HKG","China, Hong Kong Special Administrative Region","Eastern Asia",NA,"Export quantity","Starchy roots","t","Balance",2015,52000
"HKG","China, Hong Kong Special Administrative Region","Eastern Asia",NA,"Export quantity","Starchy roots","t","Balance",2016,38000
"HKG","China, Hong Kong Special Administrative Region","Eastern Asia",NA,"Export quantity","Starchy roots","t","Balance",2017,34000
"HKG","China, Hong Kong Special Administrative Region","Eastern Asia",NA,"Export quantity","Starchy roots","t","Balance",2018,27000
"HKG","China, Hong Kong Special Administrative Region","Eastern Asia",NA,"Export quantity","Starchy roots","t","Balance",2019,28000
"HKG","China, Hong Kong Special Administrative Region","Eastern Asia",NA,"Export quantity","Starchy roots","t","Balance",2020,22000
"HKG","China, Hong Kong Special Administrative Region","Eastern Asia",NA,"Export quantity","Starchy roots","t","Balance",2021,20000
"HKG","China, Hong Kong Special Administrative Region","Eastern Asia",NA,"Export quantity","Starchy roots","t","Balance",2022,18000
"HKG","China, Hong Kong Special Administrative Region","Eastern Asia",NA,"Export quantity","Starchy roots","t","Balance",2023,22000
"HKG","China, Hong Kong Special Administrative Region","Eastern Asia",NA,"Export quantity","Sugar","t","Balance",2010,113000
"HKG","China, Hong Kong Special Administrative Region","Eastern Asia",NA,"Export quantity","Sugar","t","Balance",2011,124000
"HKG","China, Hong Kong Special Administrative Region","Eastern Asia",NA,"Export quantity","Sugar","t","Balance",2012,123000
"HKG","China, Hong Kong Special Administrative Region","Eastern Asia",NA,"Export quantity","Sugar","t","Balance",2013,123000
"HKG","China, Hong Kong Special Administrative Region","Eastern Asia",NA,"Export quantity","Sugar","t","Balance",2014,151000
"HKG","China, Hong Kong Special Administrative Region","Eastern Asia",NA,"Export quantity","Sugar","t","Balance",2015,174000
"HKG","China, Hong Kong Special Administrative Region","Eastern Asia",NA,"Export quantity","Sugar","t","Balance",2016,149000
"HKG","China, Hong Kong Special Administrative Region","Eastern Asia",NA,"Export quantity","Sugar","t","Balance",2017,178000
"HKG","China, Hong Kong Special Administrative Region","Eastern Asia",NA,"Export quantity","Sugar","t","Balance",2018,181000
"HKG","China, Hong Kong Special Administrative Region","Eastern Asia",NA,"Export quantity","Sugar","t","Balance",2019,184000
"HKG","China, Hong Kong Special Administrative Region","Eastern Asia",NA,"Export quantity","Sugar","t","Balance",2020,147000
"HKG","China, Hong Kong Special Administrative Region","Eastern Asia",NA,"Export quantity","Sugar","t","Balance",2021,144000
"HKG","China, Hong Kong Special Administrative Region","Eastern Asia",NA,"Export quantity","Sugar","t","Balance",2022,131000
"HKG","China, Hong Kong Special Administrative Region","Eastern Asia",NA,"Export quantity","Sugar","t","Balance",2023,138000
"HKG","China, Hong Kong Special Administrative Region","Eastern Asia",NA,"Fat supply quantity (g/capita/day)","Beverages and other","g/cap/d","Per capita",2010,16.689999999999998
"HKG","China, Hong Kong Special Administrative Region","Eastern Asia",NA,"Fat supply quantity (g/capita/day)","Beverages and other","g/cap/d","Per capita",2011,11.98
"HKG","China, Hong Kong Special Administrative Region","Eastern Asia",NA,"Fat supply quantity (g/capita/day)","Beverages and other","g/cap/d","Per capita",2012,13.489999999999998
"HKG","China, Hong Kong Special Administrative Region","Eastern Asia",NA,"Fat supply quantity (g/capita/day)","Beverages and other","g/cap/d","Per capita",2013,13.18
"HKG","China, Hong Kong Special Administrative Region","Eastern Asia",NA,"Fat supply quantity (g/capita/day)","Beverages and other","g/cap/d","Per capita",2014,10.7
"HKG","China, Hong Kong Special Administrative Region","Eastern Asia",NA,"Fat supply quantity (g/capita/day)","Beverages and other","g/cap/d","Per capita",2015,10.64
"HKG","China, Hong Kong Special Administrative Region","Eastern Asia",NA,"Fat supply quantity (g/capita/day)","Beverages and other","g/cap/d","Per capita",2016,10.99
"HKG","China, Hong Kong Special Administrative Region","Eastern Asia",NA,"Fat supply quantity (g/capita/day)","Beverages and other","g/cap/d","Per capita",2017,11.43
"HKG","China, Hong Kong Special Administrative Region","Eastern Asia",NA,"Fat supply quantity (g/capita/day)","Beverages and other","g/cap/d","Per capita",2018,10.32
"HKG","China, Hong Kong Special Administrative Region","Eastern Asia",NA,"Fat supply quantity (g/capita/day)","Beverages and other","g/cap/d","Per capita",2019,8.6
"HKG","China, Hong Kong Special Administrative Region","Eastern Asia",NA,"Fat supply quantity (g/capita/day)","Beverages and other","g/cap/d","Per capita",2020,6.8999999999999995
"HKG","China, Hong Kong Special Administrative Region","Eastern Asia",NA,"Fat supply quantity (g/capita/day)","Beverages and other","g/cap/d","Per capita",2021,7.62
"HKG","China, Hong Kong Special Administrative Region","Eastern Asia",NA,"Fat supply quantity (g/capita/day)","Beverages and other","g/cap/d","Per capita",2022,10.53
"HKG","China, Hong Kong Special Administrative Region","Eastern Asia",NA,"Fat supply quantity (g/capita/day)","Beverages and other","g/cap/d","Per capita",2023,7.250000000000001
"HKG","China, Hong Kong Special Administrative Region","Eastern Asia",NA,"Fat supply quantity (g/capita/day)","Cereals","g/cap/d","Per capita",2010,6.68
"HKG","China, Hong Kong Special Administrative Region","Eastern Asia",NA,"Fat supply quantity (g/capita/day)","Cereals","g/cap/d","Per capita",2011,6.39
"HKG","China, Hong Kong Special Administrative Region","Eastern Asia",NA,"Fat supply quantity (g/capita/day)","Cereals","g/cap/d","Per capita",2012,6.04
"HKG","China, Hong Kong Special Administrative Region","Eastern Asia",NA,"Fat supply quantity (g/capita/day)","Cereals","g/cap/d","Per capita",2013,6.1
"HKG","China, Hong Kong Special Administrative Region","Eastern Asia",NA,"Fat supply quantity (g/capita/day)","Cereals","g/cap/d","Per capita",2014,7.41
"HKG","China, Hong Kong Special Administrative Region","Eastern Asia",NA,"Fat supply quantity (g/capita/day)","Cereals","g/cap/d","Per capita",2015,7.11
"HKG","China, Hong Kong Special Administrative Region","Eastern Asia",NA,"Fat supply quantity (g/capita/day)","Cereals","g/cap/d","Per capita",2016,7.130000000000001
"HKG","China, Hong Kong Special Administrative Region","Eastern Asia",NA,"Fat supply quantity (g/capita/day)","Cereals","g/cap/d","Per capita",2017,7.12
"HKG","China, Hong Kong Special Administrative Region","Eastern Asia",NA,"Fat supply quantity (g/capita/day)","Cereals","g/cap/d","Per capita",2018,7.38
"HKG","China, Hong Kong Special Administrative Region","Eastern Asia",NA,"Fat supply quantity (g/capita/day)","Cereals","g/cap/d","Per capita",2019,7.02
"HKG","China, Hong Kong Special Administrative Region","Eastern Asia",NA,"Fat supply quantity (g/capita/day)","Cereals","g/cap/d","Per capita",2020,6.5600000000000005
"HKG","China, Hong Kong Special Administrative Region","Eastern Asia",NA,"Fat supply quantity (g/capita/day)","Cereals","g/cap/d","Per capita",2021,6.069999999999999
"HKG","China, Hong Kong Special Administrative Region","Eastern Asia",NA,"Fat supply quantity (g/capita/day)","Cereals","g/cap/d","Per capita",2022,6.6
"HKG","China, Hong Kong Special Administrative Region","Eastern Asia",NA,"Fat supply quantity (g/capita/day)","Cereals","g/cap/d","Per capita",2023,7.25
"HKG","China, Hong Kong Special Administrative Region","Eastern Asia",NA,"Fat supply quantity (g/capita/day)","Dairy and eggs (excl. butter)","g/cap/d","Per capita",2010,22.64
"HKG","China, Hong Kong Special Administrative Region","Eastern Asia",NA,"Fat supply quantity (g/capita/day)","Dairy and eggs (excl. butter)","g/cap/d","Per capita",2011,23.64
"HKG","China, Hong Kong Special Administrative Region","Eastern Asia",NA,"Fat supply quantity (g/capita/day)","Dairy and eggs (excl. butter)","g/cap/d","Per capita",2012,24.82
"HKG","China, Hong Kong Special Administrative Region","Eastern Asia",NA,"Fat supply quantity (g/capita/day)","Dairy and eggs (excl. butter)","g/cap/d","Per capita",2013,24.46
"HKG","China, Hong Kong Special Administrative Region","Eastern Asia",NA,"Fat supply quantity (g/capita/day)","Dairy and eggs (excl. butter)","g/cap/d","Per capita",2014,26.619999999999997
"HKG","China, Hong Kong Special Administrative Region","Eastern Asia",NA,"Fat supply quantity (g/capita/day)","Dairy and eggs (excl. butter)","g/cap/d","Per capita",2015,26.799999999999997
"HKG","China, Hong Kong Special Administrative Region","Eastern Asia",NA,"Fat supply quantity (g/capita/day)","Dairy and eggs (excl. butter)","g/cap/d","Per capita",2016,27.98
"HKG","China, Hong Kong Special Administrative Region","Eastern Asia",NA,"Fat supply quantity (g/capita/day)","Dairy and eggs (excl. butter)","g/cap/d","Per capita",2017,27.72
"HKG","China, Hong Kong Special Administrative Region","Eastern Asia",NA,"Fat supply quantity (g/capita/day)","Dairy and eggs (excl. butter)","g/cap/d","Per capita",2018,29.46
"HKG","China, Hong Kong Special Administrative Region","Eastern Asia",NA,"Fat supply quantity (g/capita/day)","Dairy and eggs (excl. butter)","g/cap/d","Per capita",2019,28.799999999999997
"HKG","China, Hong Kong Special Administrative Region","Eastern Asia",NA,"Fat supply quantity (g/capita/day)","Dairy and eggs (excl. butter)","g/cap/d","Per capita",2020,27.12
"HKG","China, Hong Kong Special Administrative Region","Eastern Asia",NA,"Fat supply quantity (g/capita/day)","Dairy and eggs (excl. butter)","g/cap/d","Per capita",2021,25.060000000000002
"HKG","China, Hong Kong Special Administrative Region","Eastern Asia",NA,"Fat supply quantity (g/capita/day)","Dairy and eggs (excl. butter)","g/cap/d","Per capita",2022,22.86
"HKG","China, Hong Kong Special Administrative Region","Eastern Asia",NA,"Fat supply quantity (g/capita/day)","Dairy and eggs (excl. butter)","g/cap/d","Per capita",2023,23.78
"HKG","China, Hong Kong Special Administrative Region","Eastern Asia",NA,"Fat supply quantity (g/capita/day)","Fats and oils","g/cap/d","Per capita",2010,43.86
"HKG","China, Hong Kong Special Administrative Region","Eastern Asia",NA,"Fat supply quantity (g/capita/day)","Fats and oils","g/cap/d","Per capita",2011,43.69
"HKG","China, Hong Kong Special Administrative Region","Eastern Asia",NA,"Fat supply quantity (g/capita/day)","Fats and oils","g/cap/d","Per capita",2012,43.11
"HKG","China, Hong Kong Special Administrative Region","Eastern Asia",NA,"Fat supply quantity (g/capita/day)","Fats and oils","g/cap/d","Per capita",2013,42.53
"HKG","China, Hong Kong Special Administrative Region","Eastern Asia",NA,"Fat supply quantity (g/capita/day)","Fats and oils","g/cap/d","Per capita",2014,39.34
"HKG","China, Hong Kong Special Administrative Region","Eastern Asia",NA,"Fat supply quantity (g/capita/day)","Fats and oils","g/cap/d","Per capita",2015,38.43
"HKG","China, Hong Kong Special Administrative Region","Eastern Asia",NA,"Fat supply quantity (g/capita/day)","Fats and oils","g/cap/d","Per capita",2016,38.65
"HKG","China, Hong Kong Special Administrative Region","Eastern Asia",NA,"Fat supply quantity (g/capita/day)","Fats and oils","g/cap/d","Per capita",2017,37.51
"HKG","China, Hong Kong Special Administrative Region","Eastern Asia",NA,"Fat supply quantity (g/capita/day)","Fats and oils","g/cap/d","Per capita",2018,45.9
"HKG","China, Hong Kong Special Administrative Region","Eastern Asia",NA,"Fat supply quantity (g/capita/day)","Fats and oils","g/cap/d","Per capita",2019,44.14
"HKG","China, Hong Kong Special Administrative Region","Eastern Asia",NA,"Fat supply quantity (g/capita/day)","Fats and oils","g/cap/d","Per capita",2020,46.9
"HKG","China, Hong Kong Special Administrative Region","Eastern Asia",NA,"Fat supply quantity (g/capita/day)","Fats and oils","g/cap/d","Per capita",2021,47.39
"HKG","China, Hong Kong Special Administrative Region","Eastern Asia",NA,"Fat supply quantity (g/capita/day)","Fats and oils","g/cap/d","Per capita",2022,47.97
"HKG","China, Hong Kong Special Administrative Region","Eastern Asia",NA,"Fat supply quantity (g/capita/day)","Fats and oils","g/cap/d","Per capita",2023,42.94
"HKG","China, Hong Kong Special Administrative Region","Eastern Asia",NA,"Fat supply quantity (g/capita/day)","Fish and seafood","g/cap/d","Per capita",2010,3.15
"HKG","China, Hong Kong Special Administrative Region","Eastern Asia",NA,"Fat supply quantity (g/capita/day)","Fish and seafood","g/cap/d","Per capita",2011,3.08
"HKG","China, Hong Kong Special Administrative Region","Eastern Asia",NA,"Fat supply quantity (g/capita/day)","Fish and seafood","g/cap/d","Per capita",2012,3.35
"HKG","China, Hong Kong Special Administrative Region","Eastern Asia",NA,"Fat supply quantity (g/capita/day)","Fish and seafood","g/cap/d","Per capita",2013,3.33
"HKG","China, Hong Kong Special Administrative Region","Eastern Asia",NA,"Fat supply quantity (g/capita/day)","Fish and seafood","g/cap/d","Per capita",2014,3.44
"HKG","China, Hong Kong Special Administrative Region","Eastern Asia",NA,"Fat supply quantity (g/capita/day)","Fish and seafood","g/cap/d","Per capita",2015,3.61
"HKG","China, Hong Kong Special Administrative Region","Eastern Asia",NA,"Fat supply quantity (g/capita/day)","Fish and seafood","g/cap/d","Per capita",2016,3.45
"HKG","China, Hong Kong Special Administrative Region","Eastern Asia",NA,"Fat supply quantity (g/capita/day)","Fish and seafood","g/cap/d","Per capita",2017,3.19
"HKG","China, Hong Kong Special Administrative Region","Eastern Asia",NA,"Fat supply quantity (g/capita/day)","Fish and seafood","g/cap/d","Per capita",2018,3.15
"HKG","China, Hong Kong Special Administrative Region","Eastern Asia",NA,"Fat supply quantity (g/capita/day)","Fish and seafood","g/cap/d","Per capita",2019,3.1999999999999997
"HKG","China, Hong Kong Special Administrative Region","Eastern Asia",NA,"Fat supply quantity (g/capita/day)","Fish and seafood","g/cap/d","Per capita",2020,3.32
"HKG","China, Hong Kong Special Administrative Region","Eastern Asia",NA,"Fat supply quantity (g/capita/day)","Fish and seafood","g/cap/d","Per capita",2021,3.13
"HKG","China, Hong Kong Special Administrative Region","Eastern Asia",NA,"Fat supply quantity (g/capita/day)","Fish and seafood","g/cap/d","Per capita",2022,3.13
"HKG","China, Hong Kong Special Administrative Region","Eastern Asia",NA,"Fat supply quantity (g/capita/day)","Fish and seafood","g/cap/d","Per capita",2023,3.13
"HKG","China, Hong Kong Special Administrative Region","Eastern Asia",NA,"Fat supply quantity (g/capita/day)","Fruits and vegetables","g/cap/d","Per capita",2010,1.3599999999999999
"HKG","China, Hong Kong Special Administrative Region","Eastern Asia",NA,"Fat supply quantity (g/capita/day)","Fruits and vegetables","g/cap/d","Per capita",2011,1.44
"HKG","China, Hong Kong Special Administrative Region","Eastern Asia",NA,"Fat supply quantity (g/capita/day)","Fruits and vegetables","g/cap/d","Per capita",2012,1.4000000000000001
"HKG","China, Hong Kong Special Administrative Region","Eastern Asia",NA,"Fat supply quantity (g/capita/day)","Fruits and vegetables","g/cap/d","Per capita",2013,1.32
"HKG","China, Hong Kong Special Administrative Region","Eastern Asia",NA,"Fat supply quantity (g/capita/day)","Fruits and vegetables","g/cap/d","Per capita",2014,1.55
"HKG","China, Hong Kong Special Administrative Region","Eastern Asia",NA,"Fat supply quantity (g/capita/day)","Fruits and vegetables","g/cap/d","Per capita",2015,1.52
"HKG","China, Hong Kong Special Administrative Region","Eastern Asia",NA,"Fat supply quantity (g/capita/day)","Fruits and vegetables","g/cap/d","Per capita",2016,1.53
"HKG","China, Hong Kong Special Administrative Region","Eastern Asia",NA,"Fat supply quantity (g/capita/day)","Fruits and vegetables","g/cap/d","Per capita",2017,1.6099999999999999
"HKG","China, Hong Kong Special Administrative Region","Eastern Asia",NA,"Fat supply quantity (g/capita/day)","Fruits and vegetables","g/cap/d","Per capita",2018,1.79
"HKG","China, Hong Kong Special Administrative Region","Eastern Asia",NA,"Fat supply quantity (g/capita/day)","Fruits and vegetables","g/cap/d","Per capita",2019,1.8599999999999999
"HKG","China, Hong Kong Special Administrative Region","Eastern Asia",NA,"Fat supply quantity (g/capita/day)","Fruits and vegetables","g/cap/d","Per capita",2020,1.98
"HKG","China, Hong Kong Special Administrative Region","Eastern Asia",NA,"Fat supply quantity (g/capita/day)","Fruits and vegetables","g/cap/d","Per capita",2021,2.31
"HKG","China, Hong Kong Special Administrative Region","Eastern Asia",NA,"Fat supply quantity (g/capita/day)","Fruits and vegetables","g/cap/d","Per capita",2022,2.28
"HKG","China, Hong Kong Special Administrative Region","Eastern Asia",NA,"Fat supply quantity (g/capita/day)","Fruits and vegetables","g/cap/d","Per capita",2023,2.49
"HKG","China, Hong Kong Special Administrative Region","Eastern Asia",NA,"Fat supply quantity (g/capita/day)","Meat","g/cap/d","Per capita",2010,44.660000000000004
"HKG","China, Hong Kong Special Administrative Region","Eastern Asia",NA,"Fat supply quantity (g/capita/day)","Meat","g/cap/d","Per capita",2011,48.62
"HKG","China, Hong Kong Special Administrative Region","Eastern Asia",NA,"Fat supply quantity (g/capita/day)","Meat","g/cap/d","Per capita",2012,46.79
"HKG","China, Hong Kong Special Administrative Region","Eastern Asia",NA,"Fat supply quantity (g/capita/day)","Meat","g/cap/d","Per capita",2013,45.7
"HKG","China, Hong Kong Special Administrative Region","Eastern Asia",NA,"Fat supply quantity (g/capita/day)","Meat","g/cap/d","Per capita",2014,45.93
"HKG","China, Hong Kong Special Administrative Region","Eastern Asia",NA,"Fat supply quantity (g/capita/day)","Meat","g/cap/d","Per capita",2015,44.199999999999996
"HKG","China, Hong Kong Special Administrative Region","Eastern Asia",NA,"Fat supply quantity (g/capita/day)","Meat","g/cap/d","Per capita",2016,47.269999999999996
"HKG","China, Hong Kong Special Administrative Region","Eastern Asia",NA,"Fat supply quantity (g/capita/day)","Meat","g/cap/d","Per capita",2017,49.95
"HKG","China, Hong Kong Special Administrative Region","Eastern Asia",NA,"Fat supply quantity (g/capita/day)","Meat","g/cap/d","Per capita",2018,46.28
"HKG","China, Hong Kong Special Administrative Region","Eastern Asia",NA,"Fat supply quantity (g/capita/day)","Meat","g/cap/d","Per capita",2019,51.03
"HKG","China, Hong Kong Special Administrative Region","Eastern Asia",NA,"Fat supply quantity (g/capita/day)","Meat","g/cap/d","Per capita",2020,49.54
"HKG","China, Hong Kong Special Administrative Region","Eastern Asia",NA,"Fat supply quantity (g/capita/day)","Meat","g/cap/d","Per capita",2021,46.78
"HKG","China, Hong Kong Special Administrative Region","Eastern Asia",NA,"Fat supply quantity (g/capita/day)","Meat","g/cap/d","Per capita",2022,36.47
"HKG","China, Hong Kong Special Administrative Region","Eastern Asia",NA,"Fat supply quantity (g/capita/day)","Meat","g/cap/d","Per capita",2023,34.18
"HKG","China, Hong Kong Special Administrative Region","Eastern Asia",NA,"Fat supply quantity (g/capita/day)","Pulses","g/cap/d","Per capita",2010,0.07
"HKG","China, Hong Kong Special Administrative Region","Eastern Asia",NA,"Fat supply quantity (g/capita/day)","Pulses","g/cap/d","Per capita",2011,0.07
"HKG","China, Hong Kong Special Administrative Region","Eastern Asia",NA,"Fat supply quantity (g/capita/day)","Pulses","g/cap/d","Per capita",2012,0.07
"HKG","China, Hong Kong Special Administrative Region","Eastern Asia",NA,"Fat supply quantity (g/capita/day)","Pulses","g/cap/d","Per capita",2013,0.07
"HKG","China, Hong Kong Special Administrative Region","Eastern Asia",NA,"Fat supply quantity (g/capita/day)","Pulses","g/cap/d","Per capita",2014,0.08
"HKG","China, Hong Kong Special Administrative Region","Eastern Asia",NA,"Fat supply quantity (g/capita/day)","Pulses","g/cap/d","Per capita",2015,0.08
"HKG","China, Hong Kong Special Administrative Region","Eastern Asia",NA,"Fat supply quantity (g/capita/day)","Pulses","g/cap/d","Per capita",2016,0.07
"HKG","China, Hong Kong Special Administrative Region","Eastern Asia",NA,"Fat supply quantity (g/capita/day)","Pulses","g/cap/d","Per capita",2017,0.07
"HKG","China, Hong Kong Special Administrative Region","Eastern Asia",NA,"Fat supply quantity (g/capita/day)","Pulses","g/cap/d","Per capita",2018,0.07
"HKG","China, Hong Kong Special Administrative Region","Eastern Asia",NA,"Fat supply quantity (g/capita/day)","Pulses","g/cap/d","Per capita",2019,0.07
"HKG","China, Hong Kong Special Administrative Region","Eastern Asia",NA,"Fat supply quantity (g/capita/day)","Pulses","g/cap/d","Per capita",2020,0.06
"HKG","China, Hong Kong Special Administrative Region","Eastern Asia",NA,"Fat supply quantity (g/capita/day)","Pulses","g/cap/d","Per capita",2021,0.06
"HKG","China, Hong Kong Special Administrative Region","Eastern Asia",NA,"Fat supply quantity (g/capita/day)","Pulses","g/cap/d","Per capita",2022,0.05
"HKG","China, Hong Kong Special Administrative Region","Eastern Asia",NA,"Fat supply quantity (g/capita/day)","Pulses","g/cap/d","Per capita",2023,0.05
"HKG","China, Hong Kong Special Administrative Region","Eastern Asia",NA,"Fat supply quantity (g/capita/day)","Starchy roots","g/cap/d","Per capita",2010,0.17
"HKG","China, Hong Kong Special Administrative Region","Eastern Asia",NA,"Fat supply quantity (g/capita/day)","Starchy roots","g/cap/d","Per capita",2011,0.16
"HKG","China, Hong Kong Special Administrative Region","Eastern Asia",NA,"Fat supply quantity (g/capita/day)","Starchy roots","g/cap/d","Per capita",2012,0.17
"HKG","China, Hong Kong Special Administrative Region","Eastern Asia",NA,"Fat supply quantity (g/capita/day)","Starchy roots","g/cap/d","Per capita",2013,0.17
"HKG","China, Hong Kong Special Administrative Region","Eastern Asia",NA,"Fat supply quantity (g/capita/day)","Starchy roots","g/cap/d","Per capita",2014,0.17
"HKG","China, Hong Kong Special Administrative Region","Eastern Asia",NA,"Fat supply quantity (g/capita/day)","Starchy roots","g/cap/d","Per capita",2015,0.19
"HKG","China, Hong Kong Special Administrative Region","Eastern Asia",NA,"Fat supply quantity (g/capita/day)","Starchy roots","g/cap/d","Per capita",2016,0.17
"HKG","China, Hong Kong Special Administrative Region","Eastern Asia",NA,"Fat supply quantity (g/capita/day)","Starchy roots","g/cap/d","Per capita",2017,0.18000000000000002
"HKG","China, Hong Kong Special Administrative Region","Eastern Asia",NA,"Fat supply quantity (g/capita/day)","Starchy roots","g/cap/d","Per capita",2018,0.17
"HKG","China, Hong Kong Special Administrative Region","Eastern Asia",NA,"Fat supply quantity (g/capita/day)","Starchy roots","g/cap/d","Per capita",2019,0.18
"HKG","China, Hong Kong Special Administrative Region","Eastern Asia",NA,"Fat supply quantity (g/capita/day)","Starchy roots","g/cap/d","Per capita",2020,0.15
"HKG","China, Hong Kong Special Administrative Region","Eastern Asia",NA,"Fat supply quantity (g/capita/day)","Starchy roots","g/cap/d","Per capita",2021,0.18
"HKG","China, Hong Kong Special Administrative Region","Eastern Asia",NA,"Fat supply quantity (g/capita/day)","Starchy roots","g/cap/d","Per capita",2022,0.18
"HKG","China, Hong Kong Special Administrative Region","Eastern Asia",NA,"Fat supply quantity (g/capita/day)","Starchy roots","g/cap/d","Per capita",2023,0.17
"HKG","China, Hong Kong Special Administrative Region","Eastern Asia",NA,"Fat supply quantity (g/capita/day)","Sugar","g/cap/d","Per capita",2010,0.72
"HKG","China, Hong Kong Special Administrative Region","Eastern Asia",NA,"Fat supply quantity (g/capita/day)","Sugar","g/cap/d","Per capita",2011,0.69
"HKG","China, Hong Kong Special Administrative Region","Eastern Asia",NA,"Fat supply quantity (g/capita/day)","Sugar","g/cap/d","Per capita",2012,0.69
"HKG","China, Hong Kong Special Administrative Region","Eastern Asia",NA,"Fat supply quantity (g/capita/day)","Sugar","g/cap/d","Per capita",2013,0.7
"HKG","China, Hong Kong Special Administrative Region","Eastern Asia",NA,"Fat supply quantity (g/capita/day)","Sugar","g/cap/d","Per capita",2014,0.7
"HKG","China, Hong Kong Special Administrative Region","Eastern Asia",NA,"Fat supply quantity (g/capita/day)","Sugar","g/cap/d","Per capita",2015,0.71
"HKG","China, Hong Kong Special Administrative Region","Eastern Asia",NA,"Fat supply quantity (g/capita/day)","Sugar","g/cap/d","Per capita",2016,0.71
"HKG","China, Hong Kong Special Administrative Region","Eastern Asia",NA,"Fat supply quantity (g/capita/day)","Sugar","g/cap/d","Per capita",2017,0.6
"HKG","China, Hong Kong Special Administrative Region","Eastern Asia",NA,"Fat supply quantity (g/capita/day)","Sugar","g/cap/d","Per capita",2018,0.67
"HKG","China, Hong Kong Special Administrative Region","Eastern Asia",NA,"Fat supply quantity (g/capita/day)","Sugar","g/cap/d","Per capita",2019,0.65
"HKG","China, Hong Kong Special Administrative Region","Eastern Asia",NA,"Fat supply quantity (g/capita/day)","Sugar","g/cap/d","Per capita",2020,0.4
"HKG","China, Hong Kong Special Administrative Region","Eastern Asia",NA,"Fat supply quantity (g/capita/day)","Sugar","g/cap/d","Per capita",2021,0.37
"HKG","China, Hong Kong Special Administrative Region","Eastern Asia",NA,"Fat supply quantity (g/capita/day)","Sugar","g/cap/d","Per capita",2022,0.25
"HKG","China, Hong Kong Special Administrative Region","Eastern Asia",NA,"Fat supply quantity (g/capita/day)","Sugar","g/cap/d","Per capita",2023,0.51
"HKG","China, Hong Kong Special Administrative Region","Eastern Asia",NA,"Feed","Cereals","t","Balance",2010,34000
"HKG","China, Hong Kong Special Administrative Region","Eastern Asia",NA,"Feed","Cereals","t","Balance",2011,64000
"HKG","China, Hong Kong Special Administrative Region","Eastern Asia",NA,"Feed","Cereals","t","Balance",2012,110000
"HKG","China, Hong Kong Special Administrative Region","Eastern Asia",NA,"Feed","Cereals","t","Balance",2013,94000
"HKG","China, Hong Kong Special Administrative Region","Eastern Asia",NA,"Feed","Cereals","t","Balance",2014,86000
"HKG","China, Hong Kong Special Administrative Region","Eastern Asia",NA,"Feed","Cereals","t","Balance",2015,72000
"HKG","China, Hong Kong Special Administrative Region","Eastern Asia",NA,"Feed","Cereals","t","Balance",2016,71000
"HKG","China, Hong Kong Special Administrative Region","Eastern Asia",NA,"Feed","Cereals","t","Balance",2017,66000
"HKG","China, Hong Kong Special Administrative Region","Eastern Asia",NA,"Feed","Cereals","t","Balance",2018,65000
"HKG","China, Hong Kong Special Administrative Region","Eastern Asia",NA,"Feed","Cereals","t","Balance",2019,55000
"HKG","China, Hong Kong Special Administrative Region","Eastern Asia",NA,"Feed","Cereals","t","Balance",2020,80000
"HKG","China, Hong Kong Special Administrative Region","Eastern Asia",NA,"Feed","Cereals","t","Balance",2021,66000
"HKG","China, Hong Kong Special Administrative Region","Eastern Asia",NA,"Feed","Cereals","t","Balance",2022,106000
"HKG","China, Hong Kong Special Administrative Region","Eastern Asia",NA,"Feed","Cereals","t","Balance",2023,108000
"HKG","China, Hong Kong Special Administrative Region","Eastern Asia",NA,"Feed","Dairy and eggs (excl. butter)","t","Balance",2010,36000
"HKG","China, Hong Kong Special Administrative Region","Eastern Asia",NA,"Feed","Dairy and eggs (excl. butter)","t","Balance",2011,34000
"HKG","China, Hong Kong Special Administrative Region","Eastern Asia",NA,"Feed","Dairy and eggs (excl. butter)","t","Balance",2012,40000
"HKG","China, Hong Kong Special Administrative Region","Eastern Asia",NA,"Feed","Dairy and eggs (excl. butter)","t","Balance",2013,36000
"HKG","China, Hong Kong Special Administrative Region","Eastern Asia",NA,"Feed","Dairy and eggs (excl. butter)","t","Balance",2014,40000
"HKG","China, Hong Kong Special Administrative Region","Eastern Asia",NA,"Feed","Dairy and eggs (excl. butter)","t","Balance",2015,48000
"HKG","China, Hong Kong Special Administrative Region","Eastern Asia",NA,"Feed","Dairy and eggs (excl. butter)","t","Balance",2016,44000
"HKG","China, Hong Kong Special Administrative Region","Eastern Asia",NA,"Feed","Dairy and eggs (excl. butter)","t","Balance",2017,44000
"HKG","China, Hong Kong Special Administrative Region","Eastern Asia",NA,"Feed","Dairy and eggs (excl. butter)","t","Balance",2018,48000
"HKG","China, Hong Kong Special Administrative Region","Eastern Asia",NA,"Feed","Dairy and eggs (excl. butter)","t","Balance",2019,48000
"HKG","China, Hong Kong Special Administrative Region","Eastern Asia",NA,"Feed","Dairy and eggs (excl. butter)","t","Balance",2020,118000
"HKG","China, Hong Kong Special Administrative Region","Eastern Asia",NA,"Feed","Dairy and eggs (excl. butter)","t","Balance",2021,114000
"HKG","China, Hong Kong Special Administrative Region","Eastern Asia",NA,"Feed","Dairy and eggs (excl. butter)","t","Balance",2022,108000
"HKG","China, Hong Kong Special Administrative Region","Eastern Asia",NA,"Feed","Dairy and eggs (excl. butter)","t","Balance",2023,78000
"HKG","China, Hong Kong Special Administrative Region","Eastern Asia",NA,"Feed","Fats and oils","t","Balance",2010,3000
"HKG","China, Hong Kong Special Administrative Region","Eastern Asia",NA,"Feed","Fats and oils","t","Balance",2011,1000
"HKG","China, Hong Kong Special Administrative Region","Eastern Asia",NA,"Feed","Fats and oils","t","Balance",2012,2000
"HKG","China, Hong Kong Special Administrative Region","Eastern Asia",NA,"Feed","Fats and oils","t","Balance",2013,2000
"HKG","China, Hong Kong Special Administrative Region","Eastern Asia",NA,"Feed","Fats and oils","t","Balance",2014,2000
"HKG","China, Hong Kong Special Administrative Region","Eastern Asia",NA,"Feed","Fats and oils","t","Balance",2015,1000
"HKG","China, Hong Kong Special Administrative Region","Eastern Asia",NA,"Feed","Fats and oils","t","Balance",2016,0
"HKG","China, Hong Kong Special Administrative Region","Eastern Asia",NA,"Feed","Fats and oils","t","Balance",2017,1000
"HKG","China, Hong Kong Special Administrative Region","Eastern Asia",NA,"Feed","Fats and oils","t","Balance",2018,3000
"HKG","China, Hong Kong Special Administrative Region","Eastern Asia",NA,"Feed","Fats and oils","t","Balance",2019,2000
"HKG","China, Hong Kong Special Administrative Region","Eastern Asia",NA,"Feed","Fats and oils","t","Balance",2020,2000
"HKG","China, Hong Kong Special Administrative Region","Eastern Asia",NA,"Feed","Fats and oils","t","Balance",2021,1000
"HKG","China, Hong Kong Special Administrative Region","Eastern Asia",NA,"Feed","Fats and oils","t","Balance",2022,1000
"HKG","China, Hong Kong Special Administrative Region","Eastern Asia",NA,"Feed","Fats and oils","t","Balance",2023,1000
"HKG","China, Hong Kong Special Administrative Region","Eastern Asia",NA,"Feed","Fish and seafood","t","Balance",2010,47000
"HKG","China, Hong Kong Special Administrative Region","Eastern Asia",NA,"Feed","Fish and seafood","t","Balance",2011,48000
"HKG","China, Hong Kong Special Administrative Region","Eastern Asia",NA,"Feed","Fish and seafood","t","Balance",2012,46000
"HKG","China, Hong Kong Special Administrative Region","Eastern Asia",NA,"Feed","Fish and seafood","t","Balance",2013,28000
"HKG","China, Hong Kong Special Administrative Region","Eastern Asia",NA,"Feed","Fish and seafood","t","Balance",2014,27000
"HKG","China, Hong Kong Special Administrative Region","Eastern Asia",NA,"Feed","Fish and seafood","t","Balance",2015,82000
"HKG","China, Hong Kong Special Administrative Region","Eastern Asia",NA,"Feed","Fish and seafood","t","Balance",2016,57000
"HKG","China, Hong Kong Special Administrative Region","Eastern Asia",NA,"Feed","Fish and seafood","t","Balance",2017,32000
"HKG","China, Hong Kong Special Administrative Region","Eastern Asia",NA,"Feed","Fish and seafood","t","Balance",2018,32000
"HKG","China, Hong Kong Special Administrative Region","Eastern Asia",NA,"Feed","Fish and seafood","t","Balance",2019,18000
"HKG","China, Hong Kong Special Administrative Region","Eastern Asia",NA,"Feed","Fish and seafood","t","Balance",2020,24000
"HKG","China, Hong Kong Special Administrative Region","Eastern Asia",NA,"Feed","Fish and seafood","t","Balance",2021,67000
"HKG","China, Hong Kong Special Administrative Region","Eastern Asia",NA,"Feed","Fish and seafood","t","Balance",2022,67000
"HKG","China, Hong Kong Special Administrative Region","Eastern Asia",NA,"Feed","Fish and seafood","t","Balance",2023,67000
"HKG","China, Hong Kong Special Administrative Region","Eastern Asia",NA,"Feed","Fruits and vegetables","t","Balance",2010,0
"HKG","China, Hong Kong Special Administrative Region","Eastern Asia",NA,"Feed","Fruits and vegetables","t","Balance",2011,0
"HKG","China, Hong Kong Special Administrative Region","Eastern Asia",NA,"Feed","Fruits and vegetables","t","Balance",2012,0
"HKG","China, Hong Kong Special Administrative Region","Eastern Asia",NA,"Feed","Fruits and vegetables","t","Balance",2013,0
"HKG","China, Hong Kong Special Administrative Region","Eastern Asia",NA,"Feed","Fruits and vegetables","t","Balance",2014,0
"HKG","China, Hong Kong Special Administrative Region","Eastern Asia",NA,"Feed","Fruits and vegetables","t","Balance",2015,0
"HKG","China, Hong Kong Special Administrative Region","Eastern Asia",NA,"Feed","Fruits and vegetables","t","Balance",2016,0
"HKG","China, Hong Kong Special Administrative Region","Eastern Asia",NA,"Feed","Fruits and vegetables","t","Balance",2017,0
"HKG","China, Hong Kong Special Administrative Region","Eastern Asia",NA,"Feed","Fruits and vegetables","t","Balance",2018,0
"HKG","China, Hong Kong Special Administrative Region","Eastern Asia",NA,"Feed","Fruits and vegetables","t","Balance",2019,0
"HKG","China, Hong Kong Special Administrative Region","Eastern Asia",NA,"Feed","Fruits and vegetables","t","Balance",2020,0
"HKG","China, Hong Kong Special Administrative Region","Eastern Asia",NA,"Feed","Fruits and vegetables","t","Balance",2021,0
"HKG","China, Hong Kong Special Administrative Region","Eastern Asia",NA,"Feed","Fruits and vegetables","t","Balance",2022,0
"HKG","China, Hong Kong Special Administrative Region","Eastern Asia",NA,"Feed","Fruits and vegetables","t","Balance",2023,0
"HKG","China, Hong Kong Special Administrative Region","Eastern Asia",NA,"Feed","Pulses","t","Balance",2010,1000
"HKG","China, Hong Kong Special Administrative Region","Eastern Asia",NA,"Feed","Pulses","t","Balance",2011,1000
"HKG","China, Hong Kong Special Administrative Region","Eastern Asia",NA,"Feed","Pulses","t","Balance",2012,1000
"HKG","China, Hong Kong Special Administrative Region","Eastern Asia",NA,"Feed","Pulses","t","Balance",2013,2000
"HKG","China, Hong Kong Special Administrative Region","Eastern Asia",NA,"Feed","Pulses","t","Balance",2014,2000
"HKG","China, Hong Kong Special Administrative Region","Eastern Asia",NA,"Feed","Pulses","t","Balance",2015,3000
"HKG","China, Hong Kong Special Administrative Region","Eastern Asia",NA,"Feed","Pulses","t","Balance",2016,2000
"HKG","China, Hong Kong Special Administrative Region","Eastern Asia",NA,"Feed","Pulses","t","Balance",2017,2000
"HKG","China, Hong Kong Special Administrative Region","Eastern Asia",NA,"Feed","Pulses","t","Balance",2018,4000
"HKG","China, Hong Kong Special Administrative Region","Eastern Asia",NA,"Feed","Pulses","t","Balance",2019,4000
"HKG","China, Hong Kong Special Administrative Region","Eastern Asia",NA,"Feed","Pulses","t","Balance",2020,5000
"HKG","China, Hong Kong Special Administrative Region","Eastern Asia",NA,"Feed","Pulses","t","Balance",2021,6000
"HKG","China, Hong Kong Special Administrative Region","Eastern Asia",NA,"Feed","Pulses","t","Balance",2022,8000
"HKG","China, Hong Kong Special Administrative Region","Eastern Asia",NA,"Feed","Pulses","t","Balance",2023,11000
"HKG","China, Hong Kong Special Administrative Region","Eastern Asia",NA,"Feed","Starchy roots","t","Balance",2010,55000
"HKG","China, Hong Kong Special Administrative Region","Eastern Asia",NA,"Feed","Starchy roots","t","Balance",2011,35000
"HKG","China, Hong Kong Special Administrative Region","Eastern Asia",NA,"Feed","Starchy roots","t","Balance",2012,34000
"HKG","China, Hong Kong Special Administrative Region","Eastern Asia",NA,"Feed","Starchy roots","t","Balance",2013,34000
"HKG","China, Hong Kong Special Administrative Region","Eastern Asia",NA,"Feed","Starchy roots","t","Balance",2014,26000
"HKG","China, Hong Kong Special Administrative Region","Eastern Asia",NA,"Feed","Starchy roots","t","Balance",2015,3000
"HKG","China, Hong Kong Special Administrative Region","Eastern Asia",NA,"Feed","Starchy roots","t","Balance",2016,4000
"HKG","China, Hong Kong Special Administrative Region","Eastern Asia",NA,"Feed","Starchy roots","t","Balance",2017,4000
"HKG","China, Hong Kong Special Administrative Region","Eastern Asia",NA,"Feed","Starchy roots","t","Balance",2018,8000
"HKG","China, Hong Kong Special Administrative Region","Eastern Asia",NA,"Feed","Starchy roots","t","Balance",2019,9000
"HKG","China, Hong Kong Special Administrative Region","Eastern Asia",NA,"Feed","Starchy roots","t","Balance",2020,10000
"HKG","China, Hong Kong Special Administrative Region","Eastern Asia",NA,"Feed","Starchy roots","t","Balance",2021,12000
"HKG","China, Hong Kong Special Administrative Region","Eastern Asia",NA,"Feed","Starchy roots","t","Balance",2022,20000
"HKG","China, Hong Kong Special Administrative Region","Eastern Asia",NA,"Feed","Starchy roots","t","Balance",2023,18000
"HKG","China, Hong Kong Special Administrative Region","Eastern Asia",NA,"Feed","Sugar","t","Balance",2010,6000
"HKG","China, Hong Kong Special Administrative Region","Eastern Asia",NA,"Feed","Sugar","t","Balance",2011,6000
"HKG","China, Hong Kong Special Administrative Region","Eastern Asia",NA,"Feed","Sugar","t","Balance",2012,5000
"HKG","China, Hong Kong Special Administrative Region","Eastern Asia",NA,"Feed","Sugar","t","Balance",2013,5000
"HKG","China, Hong Kong Special Administrative Region","Eastern Asia",NA,"Feed","Sugar","t","Balance",2014,4000
"HKG","China, Hong Kong Special Administrative Region","Eastern Asia",NA,"Feed","Sugar","t","Balance",2015,4000
"HKG","China, Hong Kong Special Administrative Region","Eastern Asia",NA,"Feed","Sugar","t","Balance",2016,2000
"HKG","China, Hong Kong Special Administrative Region","Eastern Asia",NA,"Feed","Sugar","t","Balance",2017,2000
"HKG","China, Hong Kong Special Administrative Region","Eastern Asia",NA,"Feed","Sugar","t","Balance",2018,2000
"HKG","China, Hong Kong Special Administrative Region","Eastern Asia",NA,"Feed","Sugar","t","Balance",2019,1000
"HKG","China, Hong Kong Special Administrative Region","Eastern Asia",NA,"Feed","Sugar","t","Balance",2020,2000
"HKG","China, Hong Kong Special Administrative Region","Eastern Asia",NA,"Feed","Sugar","t","Balance",2021,1000
"HKG","China, Hong Kong Special Administrative Region","Eastern Asia",NA,"Feed","Sugar","t","Balance",2022,1000
"HKG","China, Hong Kong Special Administrative Region","Eastern Asia",NA,"Feed","Sugar","t","Balance",2023,1000
"HKG","China, Hong Kong Special Administrative Region","Eastern Asia",NA,"Food","Beverages and other","t","Balance",2010,797000
"HKG","China, Hong Kong Special Administrative Region","Eastern Asia",NA,"Food","Beverages and other","t","Balance",2011,760000
"HKG","China, Hong Kong Special Administrative Region","Eastern Asia",NA,"Food","Beverages and other","t","Balance",2012,779000
"HKG","China, Hong Kong Special Administrative Region","Eastern Asia",NA,"Food","Beverages and other","t","Balance",2013,785000
"HKG","China, Hong Kong Special Administrative Region","Eastern Asia",NA,"Food","Beverages and other","t","Balance",2014,717000
"HKG","China, Hong Kong Special Administrative Region","Eastern Asia",NA,"Food","Beverages and other","t","Balance",2015,738000
"HKG","China, Hong Kong Special Administrative Region","Eastern Asia",NA,"Food","Beverages and other","t","Balance",2016,758000
"HKG","China, Hong Kong Special Administrative Region","Eastern Asia",NA,"Food","Beverages and other","t","Balance",2017,778000
"HKG","China, Hong Kong Special Administrative Region","Eastern Asia",NA,"Food","Beverages and other","t","Balance",2018,768000
"HKG","China, Hong Kong Special Administrative Region","Eastern Asia",NA,"Food","Beverages and other","t","Balance",2019,681000
"HKG","China, Hong Kong Special Administrative Region","Eastern Asia",NA,"Food","Beverages and other","t","Balance",2020,678000
"HKG","China, Hong Kong Special Administrative Region","Eastern Asia",NA,"Food","Beverages and other","t","Balance",2021,895000
"HKG","China, Hong Kong Special Administrative Region","Eastern Asia",NA,"Food","Beverages and other","t","Balance",2022,992000
"HKG","China, Hong Kong Special Administrative Region","Eastern Asia",NA,"Food","Beverages and other","t","Balance",2023,1122000
"HKG","China, Hong Kong Special Administrative Region","Eastern Asia",NA,"Food","Cereals","t","Balance",2010,957000
"HKG","China, Hong Kong Special Administrative Region","Eastern Asia",NA,"Food","Cereals","t","Balance",2011,968000
"HKG","China, Hong Kong Special Administrative Region","Eastern Asia",NA,"Food","Cereals","t","Balance",2012,906000
"HKG","China, Hong Kong Special Administrative Region","Eastern Asia",NA,"Food","Cereals","t","Balance",2013,956000
"HKG","China, Hong Kong Special Administrative Region","Eastern Asia",NA,"Food","Cereals","t","Balance",2014,980000
"HKG","China, Hong Kong Special Administrative Region","Eastern Asia",NA,"Food","Cereals","t","Balance",2015,961000
"HKG","China, Hong Kong Special Administrative Region","Eastern Asia",NA,"Food","Cereals","t","Balance",2016,956000
"HKG","China, Hong Kong Special Administrative Region","Eastern Asia",NA,"Food","Cereals","t","Balance",2017,978000
"HKG","China, Hong Kong Special Administrative Region","Eastern Asia",NA,"Food","Cereals","t","Balance",2018,975000
"HKG","China, Hong Kong Special Administrative Region","Eastern Asia",NA,"Food","Cereals","t","Balance",2019,912000
"HKG","China, Hong Kong Special Administrative Region","Eastern Asia",NA,"Food","Cereals","t","Balance",2020,904000
"HKG","China, Hong Kong Special Administrative Region","Eastern Asia",NA,"Food","Cereals","t","Balance",2021,859000
"HKG","China, Hong Kong Special Administrative Region","Eastern Asia",NA,"Food","Cereals","t","Balance",2022,844000
"HKG","China, Hong Kong Special Administrative Region","Eastern Asia",NA,"Food","Cereals","t","Balance",2023,820000
"HKG","China, Hong Kong Special Administrative Region","Eastern Asia",NA,"Food","Dairy and eggs (excl. butter)","t","Balance",2010,1406000
"HKG","China, Hong Kong Special Administrative Region","Eastern Asia",NA,"Food","Dairy and eggs (excl. butter)","t","Balance",2011,1472000
"HKG","China, Hong Kong Special Administrative Region","Eastern Asia",NA,"Food","Dairy and eggs (excl. butter)","t","Balance",2012,1522000
"HKG","China, Hong Kong Special Administrative Region","Eastern Asia",NA,"Food","Dairy and eggs (excl. butter)","t","Balance",2013,1524000
"HKG","China, Hong Kong Special Administrative Region","Eastern Asia",NA,"Food","Dairy and eggs (excl. butter)","t","Balance",2014,1724000
"HKG","China, Hong Kong Special Administrative Region","Eastern Asia",NA,"Food","Dairy and eggs (excl. butter)","t","Balance",2015,1764000
"HKG","China, Hong Kong Special Administrative Region","Eastern Asia",NA,"Food","Dairy and eggs (excl. butter)","t","Balance",2016,1870000
"HKG","China, Hong Kong Special Administrative Region","Eastern Asia",NA,"Food","Dairy and eggs (excl. butter)","t","Balance",2017,1872000
"HKG","China, Hong Kong Special Administrative Region","Eastern Asia",NA,"Food","Dairy and eggs (excl. butter)","t","Balance",2018,1860000
"HKG","China, Hong Kong Special Administrative Region","Eastern Asia",NA,"Food","Dairy and eggs (excl. butter)","t","Balance",2019,1788000
"HKG","China, Hong Kong Special Administrative Region","Eastern Asia",NA,"Food","Dairy and eggs (excl. butter)","t","Balance",2020,1644000
"HKG","China, Hong Kong Special Administrative Region","Eastern Asia",NA,"Food","Dairy and eggs (excl. butter)","t","Balance",2021,1556000
"HKG","China, Hong Kong Special Administrative Region","Eastern Asia",NA,"Food","Dairy and eggs (excl. butter)","t","Balance",2022,1450000
"HKG","China, Hong Kong Special Administrative Region","Eastern Asia",NA,"Food","Dairy and eggs (excl. butter)","t","Balance",2023,1426000
"HKG","China, Hong Kong Special Administrative Region","Eastern Asia",NA,"Food","Fats and oils","t","Balance",2010,186000
"HKG","China, Hong Kong Special Administrative Region","Eastern Asia",NA,"Food","Fats and oils","t","Balance",2011,178000
"HKG","China, Hong Kong Special Administrative Region","Eastern Asia",NA,"Food","Fats and oils","t","Balance",2012,180000
"HKG","China, Hong Kong Special Administrative Region","Eastern Asia",NA,"Food","Fats and oils","t","Balance",2013,181000
"HKG","China, Hong Kong Special Administrative Region","Eastern Asia",NA,"Food","Fats and oils","t","Balance",2014,176000
"HKG","China, Hong Kong Special Administrative Region","Eastern Asia",NA,"Food","Fats and oils","t","Balance",2015,177000
"HKG","China, Hong Kong Special Administrative Region","Eastern Asia",NA,"Food","Fats and oils","t","Balance",2016,184000
"HKG","China, Hong Kong Special Administrative Region","Eastern Asia",NA,"Food","Fats and oils","t","Balance",2017,186000
"HKG","China, Hong Kong Special Administrative Region","Eastern Asia",NA,"Food","Fats and oils","t","Balance",2018,207000
"HKG","China, Hong Kong Special Administrative Region","Eastern Asia",NA,"Food","Fats and oils","t","Balance",2019,196000
"HKG","China, Hong Kong Special Administrative Region","Eastern Asia",NA,"Food","Fats and oils","t","Balance",2020,203000
"HKG","China, Hong Kong Special Administrative Region","Eastern Asia",NA,"Food","Fats and oils","t","Balance",2021,206000
"HKG","China, Hong Kong Special Administrative Region","Eastern Asia",NA,"Food","Fats and oils","t","Balance",2022,207000
"HKG","China, Hong Kong Special Administrative Region","Eastern Asia",NA,"Food","Fats and oils","t","Balance",2023,188000
"HKG","China, Hong Kong Special Administrative Region","Eastern Asia",NA,"Food","Fish and seafood","t","Balance",2010,503000
"HKG","China, Hong Kong Special Administrative Region","Eastern Asia",NA,"Food","Fish and seafood","t","Balance",2011,506000
"HKG","China, Hong Kong Special Administrative Region","Eastern Asia",NA,"Food","Fish and seafood","t","Balance",2012,484000
"HKG","China, Hong Kong Special Administrative Region","Eastern Asia",NA,"Food","Fish and seafood","t","Balance",2013,476000
"HKG","China, Hong Kong Special Administrative Region","Eastern Asia",NA,"Food","Fish and seafood","t","Balance",2014,491000
"HKG","China, Hong Kong Special Administrative Region","Eastern Asia",NA,"Food","Fish and seafood","t","Balance",2015,513000
"HKG","China, Hong Kong Special Administrative Region","Eastern Asia",NA,"Food","Fish and seafood","t","Balance",2016,515000
"HKG","China, Hong Kong Special Administrative Region","Eastern Asia",NA,"Food","Fish and seafood","t","Balance",2017,485000
"HKG","China, Hong Kong Special Administrative Region","Eastern Asia",NA,"Food","Fish and seafood","t","Balance",2018,495000
"HKG","China, Hong Kong Special Administrative Region","Eastern Asia",NA,"Food","Fish and seafood","t","Balance",2019,494000
"HKG","China, Hong Kong Special Administrative Region","Eastern Asia",NA,"Food","Fish and seafood","t","Balance",2020,494000
"HKG","China, Hong Kong Special Administrative Region","Eastern Asia",NA,"Food","Fish and seafood","t","Balance",2021,514000
"HKG","China, Hong Kong Special Administrative Region","Eastern Asia",NA,"Food","Fish and seafood","t","Balance",2022,514000
"HKG","China, Hong Kong Special Administrative Region","Eastern Asia",NA,"Food","Fish and seafood","t","Balance",2023,514000
"HKG","China, Hong Kong Special Administrative Region","Eastern Asia",NA,"Food","Fruits and vegetables","t","Balance",2010,1543000
"HKG","China, Hong Kong Special Administrative Region","Eastern Asia",NA,"Food","Fruits and vegetables","t","Balance",2011,1626000
"HKG","China, Hong Kong Special Administrative Region","Eastern Asia",NA,"Food","Fruits and vegetables","t","Balance",2012,1842000
"HKG","China, Hong Kong Special Administrative Region","Eastern Asia",NA,"Food","Fruits and vegetables","t","Balance",2013,1706000
"HKG","China, Hong Kong Special Administrative Region","Eastern Asia",NA,"Food","Fruits and vegetables","t","Balance",2014,1823000
"HKG","China, Hong Kong Special Administrative Region","Eastern Asia",NA,"Food","Fruits and vegetables","t","Balance",2015,1791000
"HKG","China, Hong Kong Special Administrative Region","Eastern Asia",NA,"Food","Fruits and vegetables","t","Balance",2016,1773000
"HKG","China, Hong Kong Special Administrative Region","Eastern Asia",NA,"Food","Fruits and vegetables","t","Balance",2017,1786000
"HKG","China, Hong Kong Special Administrative Region","Eastern Asia",NA,"Food","Fruits and vegetables","t","Balance",2018,1760000
"HKG","China, Hong Kong Special Administrative Region","Eastern Asia",NA,"Food","Fruits and vegetables","t","Balance",2019,1823000
"HKG","China, Hong Kong Special Administrative Region","Eastern Asia",NA,"Food","Fruits and vegetables","t","Balance",2020,1833000
"HKG","China, Hong Kong Special Administrative Region","Eastern Asia",NA,"Food","Fruits and vegetables","t","Balance",2021,1929000
"HKG","China, Hong Kong Special Administrative Region","Eastern Asia",NA,"Food","Fruits and vegetables","t","Balance",2022,1861000
"HKG","China, Hong Kong Special Administrative Region","Eastern Asia",NA,"Food","Fruits and vegetables","t","Balance",2023,1842000
"HKG","China, Hong Kong Special Administrative Region","Eastern Asia",NA,"Food","Meat","t","Balance",2010,1075000
"HKG","China, Hong Kong Special Administrative Region","Eastern Asia",NA,"Food","Meat","t","Balance",2011,1193000
"HKG","China, Hong Kong Special Administrative Region","Eastern Asia",NA,"Food","Meat","t","Balance",2012,1151000
"HKG","China, Hong Kong Special Administrative Region","Eastern Asia",NA,"Food","Meat","t","Balance",2013,1122000
"HKG","China, Hong Kong Special Administrative Region","Eastern Asia",NA,"Food","Meat","t","Balance",2014,1174000
"HKG","China, Hong Kong Special Administrative Region","Eastern Asia",NA,"Food","Meat","t","Balance",2015,1089000
"HKG","China, Hong Kong Special Administrative Region","Eastern Asia",NA,"Food","Meat","t","Balance",2016,1227000
"HKG","China, Hong Kong Special Administrative Region","Eastern Asia",NA,"Food","Meat","t","Balance",2017,1312000
"HKG","China, Hong Kong Special Administrative Region","Eastern Asia",NA,"Food","Meat","t","Balance",2018,1231000
"HKG","China, Hong Kong Special Administrative Region","Eastern Asia",NA,"Food","Meat","t","Balance",2019,1379000
"HKG","China, Hong Kong Special Administrative Region","Eastern Asia",NA,"Food","Meat","t","Balance",2020,1325000
"HKG","China, Hong Kong Special Administrative Region","Eastern Asia",NA,"Food","Meat","t","Balance",2021,1255000
"HKG","China, Hong Kong Special Administrative Region","Eastern Asia",NA,"Food","Meat","t","Balance",2022,928000
"HKG","China, Hong Kong Special Administrative Region","Eastern Asia",NA,"Food","Meat","t","Balance",2023,835000
"HKG","China, Hong Kong Special Administrative Region","Eastern Asia",NA,"Food","Pulses","t","Balance",2010,8000
"HKG","China, Hong Kong Special Administrative Region","Eastern Asia",NA,"Food","Pulses","t","Balance",2011,8000
"HKG","China, Hong Kong Special Administrative Region","Eastern Asia",NA,"Food","Pulses","t","Balance",2012,8000
"HKG","China, Hong Kong Special Administrative Region","Eastern Asia",NA,"Food","Pulses","t","Balance",2013,8000
"HKG","China, Hong Kong Special Administrative Region","Eastern Asia",NA,"Food","Pulses","t","Balance",2014,9000
"HKG","China, Hong Kong Special Administrative Region","Eastern Asia",NA,"Food","Pulses","t","Balance",2015,9000
"HKG","China, Hong Kong Special Administrative Region","Eastern Asia",NA,"Food","Pulses","t","Balance",2016,8000
"HKG","China, Hong Kong Special Administrative Region","Eastern Asia",NA,"Food","Pulses","t","Balance",2017,8000
"HKG","China, Hong Kong Special Administrative Region","Eastern Asia",NA,"Food","Pulses","t","Balance",2018,8000
"HKG","China, Hong Kong Special Administrative Region","Eastern Asia",NA,"Food","Pulses","t","Balance",2019,7000
"HKG","China, Hong Kong Special Administrative Region","Eastern Asia",NA,"Food","Pulses","t","Balance",2020,8000
"HKG","China, Hong Kong Special Administrative Region","Eastern Asia",NA,"Food","Pulses","t","Balance",2021,7000
"HKG","China, Hong Kong Special Administrative Region","Eastern Asia",NA,"Food","Pulses","t","Balance",2022,6000
"HKG","China, Hong Kong Special Administrative Region","Eastern Asia",NA,"Food","Pulses","t","Balance",2023,6000
"HKG","China, Hong Kong Special Administrative Region","Eastern Asia",NA,"Food","Starchy roots","t","Balance",2010,184000
"HKG","China, Hong Kong Special Administrative Region","Eastern Asia",NA,"Food","Starchy roots","t","Balance",2011,130000
"HKG","China, Hong Kong Special Administrative Region","Eastern Asia",NA,"Food","Starchy roots","t","Balance",2012,156000
"HKG","China, Hong Kong Special Administrative Region","Eastern Asia",NA,"Food","Starchy roots","t","Balance",2013,153000
"HKG","China, Hong Kong Special Administrative Region","Eastern Asia",NA,"Food","Starchy roots","t","Balance",2014,184000
"HKG","China, Hong Kong Special Administrative Region","Eastern Asia",NA,"Food","Starchy roots","t","Balance",2015,262000
"HKG","China, Hong Kong Special Administrative Region","Eastern Asia",NA,"Food","Starchy roots","t","Balance",2016,182000
"HKG","China, Hong Kong Special Administrative Region","Eastern Asia",NA,"Food","Starchy roots","t","Balance",2017,197000
"HKG","China, Hong Kong Special Administrative Region","Eastern Asia",NA,"Food","Starchy roots","t","Balance",2018,177000
"HKG","China, Hong Kong Special Administrative Region","Eastern Asia",NA,"Food","Starchy roots","t","Balance",2019,169000
"HKG","China, Hong Kong Special Administrative Region","Eastern Asia",NA,"Food","Starchy roots","t","Balance",2020,135000
"HKG","China, Hong Kong Special Administrative Region","Eastern Asia",NA,"Food","Starchy roots","t","Balance",2021,166000
"HKG","China, Hong Kong Special Administrative Region","Eastern Asia",NA,"Food","Starchy roots","t","Balance",2022,169000
"HKG","China, Hong Kong Special Administrative Region","Eastern Asia",NA,"Food","Starchy roots","t","Balance",2023,183000
"HKG","China, Hong Kong Special Administrative Region","Eastern Asia",NA,"Food","Sugar","t","Balance",2010,367000
"HKG","China, Hong Kong Special Administrative Region","Eastern Asia",NA,"Food","Sugar","t","Balance",2011,358000
"HKG","China, Hong Kong Special Administrative Region","Eastern Asia",NA,"Food","Sugar","t","Balance",2012,359000
"HKG","China, Hong Kong Special Administrative Region","Eastern Asia",NA,"Food","Sugar","t","Balance",2013,362000
"HKG","China, Hong Kong Special Administrative Region","Eastern Asia",NA,"Food","Sugar","t","Balance",2014,369000
"HKG","China, Hong Kong Special Administrative Region","Eastern Asia",NA,"Food","Sugar","t","Balance",2015,369000
"HKG","China, Hong Kong Special Administrative Region","Eastern Asia",NA,"Food","Sugar","t","Balance",2016,368000
"HKG","China, Hong Kong Special Administrative Region","Eastern Asia",NA,"Food","Sugar","t","Balance",2017,367000
"HKG","China, Hong Kong Special Administrative Region","Eastern Asia",NA,"Food","Sugar","t","Balance",2018,378000
"HKG","China, Hong Kong Special Administrative Region","Eastern Asia",NA,"Food","Sugar","t","Balance",2019,384000
"HKG","China, Hong Kong Special Administrative Region","Eastern Asia",NA,"Food","Sugar","t","Balance",2020,355000
"HKG","China, Hong Kong Special Administrative Region","Eastern Asia",NA,"Food","Sugar","t","Balance",2021,349000
"HKG","China, Hong Kong Special Administrative Region","Eastern Asia",NA,"Food","Sugar","t","Balance",2022,395000
"HKG","China, Hong Kong Special Administrative Region","Eastern Asia",NA,"Food","Sugar","t","Balance",2023,408000
"HKG","China, Hong Kong Special Administrative Region","Eastern Asia",NA,"Food supply (kcal/capita/day)","Beverages and other","kcal/cap/d","Per capita",2010,367.75
"HKG","China, Hong Kong Special Administrative Region","Eastern Asia",NA,"Food supply (kcal/capita/day)","Beverages and other","kcal/cap/d","Per capita",2011,318.18
"HKG","China, Hong Kong Special Administrative Region","Eastern Asia",NA,"Food supply (kcal/capita/day)","Beverages and other","kcal/cap/d","Per capita",2012,334.78
"HKG","China, Hong Kong Special Administrative Region","Eastern Asia",NA,"Food supply (kcal/capita/day)","Beverages and other","kcal/cap/d","Per capita",2013,331.87
"HKG","China, Hong Kong Special Administrative Region","Eastern Asia",NA,"Food supply (kcal/capita/day)","Beverages and other","kcal/cap/d","Per capita",2014,302.93
"HKG","China, Hong Kong Special Administrative Region","Eastern Asia",NA,"Food supply (kcal/capita/day)","Beverages and other","kcal/cap/d","Per capita",2015,309.82
"HKG","China, Hong Kong Special Administrative Region","Eastern Asia",NA,"Food supply (kcal/capita/day)","Beverages and other","kcal/cap/d","Per capita",2016,310.58
"HKG","China, Hong Kong Special Administrative Region","Eastern Asia",NA,"Food supply (kcal/capita/day)","Beverages and other","kcal/cap/d","Per capita",2017,315.6
"HKG","China, Hong Kong Special Administrative Region","Eastern Asia",NA,"Food supply (kcal/capita/day)","Beverages and other","kcal/cap/d","Per capita",2018,319.39
"HKG","China, Hong Kong Special Administrative Region","Eastern Asia",NA,"Food supply (kcal/capita/day)","Beverages and other","kcal/cap/d","Per capita",2019,292.04
"HKG","China, Hong Kong Special Administrative Region","Eastern Asia",NA,"Food supply (kcal/capita/day)","Beverages and other","kcal/cap/d","Per capita",2020,272.88
"HKG","China, Hong Kong Special Administrative Region","Eastern Asia",NA,"Food supply (kcal/capita/day)","Beverages and other","kcal/cap/d","Per capita",2021,356.89
"HKG","China, Hong Kong Special Administrative Region","Eastern Asia",NA,"Food supply (kcal/capita/day)","Beverages and other","kcal/cap/d","Per capita",2022,417.05
"HKG","China, Hong Kong Special Administrative Region","Eastern Asia",NA,"Food supply (kcal/capita/day)","Beverages and other","kcal/cap/d","Per capita",2023,382.14
"HKG","China, Hong Kong Special Administrative Region","Eastern Asia",NA,"Food supply (kcal/capita/day)","Cereals","kcal/cap/d","Per capita",2010,901.99
"HKG","China, Hong Kong Special Administrative Region","Eastern Asia",NA,"Food supply (kcal/capita/day)","Cereals","kcal/cap/d","Per capita",2011,908.49
"HKG","China, Hong Kong Special Administrative Region","Eastern Asia",NA,"Food supply (kcal/capita/day)","Cereals","kcal/cap/d","Per capita",2012,847.04
"HKG","China, Hong Kong Special Administrative Region","Eastern Asia",NA,"Food supply (kcal/capita/day)","Cereals","kcal/cap/d","Per capita",2013,881.81
"HKG","China, Hong Kong Special Administrative Region","Eastern Asia",NA,"Food supply (kcal/capita/day)","Cereals","kcal/cap/d","Per capita",2014,908.3299999999999
"HKG","China, Hong Kong Special Administrative Region","Eastern Asia",NA,"Food supply (kcal/capita/day)","Cereals","kcal/cap/d","Per capita",2015,880.18
"HKG","China, Hong Kong Special Administrative Region","Eastern Asia",NA,"Food supply (kcal/capita/day)","Cereals","kcal/cap/d","Per capita",2016,875.99
"HKG","China, Hong Kong Special Administrative Region","Eastern Asia",NA,"Food supply (kcal/capita/day)","Cereals","kcal/cap/d","Per capita",2017,887.68
"HKG","China, Hong Kong Special Administrative Region","Eastern Asia",NA,"Food supply (kcal/capita/day)","Cereals","kcal/cap/d","Per capita",2018,877.37
"HKG","China, Hong Kong Special Administrative Region","Eastern Asia",NA,"Food supply (kcal/capita/day)","Cereals","kcal/cap/d","Per capita",2019,833.16
"HKG","China, Hong Kong Special Administrative Region","Eastern Asia",NA,"Food supply (kcal/capita/day)","Cereals","kcal/cap/d","Per capita",2020,821.52
"HKG","China, Hong Kong Special Administrative Region","Eastern Asia",NA,"Food supply (kcal/capita/day)","Cereals","kcal/cap/d","Per capita",2021,780.1
"HKG","China, Hong Kong Special Administrative Region","Eastern Asia",NA,"Food supply (kcal/capita/day)","Cereals","kcal/cap/d","Per capita",2022,772.53
"HKG","China, Hong Kong Special Administrative Region","Eastern Asia",NA,"Food supply (kcal/capita/day)","Cereals","kcal/cap/d","Per capita",2023,762.0600000000001
"HKG","China, Hong Kong Special Administrative Region","Eastern Asia",NA,"Food supply (kcal/capita/day)","Dairy and eggs (excl. butter)","kcal/cap/d","Per capita",2010,403.88
"HKG","China, Hong Kong Special Administrative Region","Eastern Asia",NA,"Food supply (kcal/capita/day)","Dairy and eggs (excl. butter)","kcal/cap/d","Per capita",2011,418.92
"HKG","China, Hong Kong Special Administrative Region","Eastern Asia",NA,"Food supply (kcal/capita/day)","Dairy and eggs (excl. butter)","kcal/cap/d","Per capita",2012,436.58
"HKG","China, Hong Kong Special Administrative Region","Eastern Asia",NA,"Food supply (kcal/capita/day)","Dairy and eggs (excl. butter)","kcal/cap/d","Per capita",2013,431.28000000000003
"HKG","China, Hong Kong Special Administrative Region","Eastern Asia",NA,"Food supply (kcal/capita/day)","Dairy and eggs (excl. butter)","kcal/cap/d","Per capita",2014,470.06
"HKG","China, Hong Kong Special Administrative Region","Eastern Asia",NA,"Food supply (kcal/capita/day)","Dairy and eggs (excl. butter)","kcal/cap/d","Per capita",2015,471.7
"HKG","China, Hong Kong Special Administrative Region","Eastern Asia",NA,"Food supply (kcal/capita/day)","Dairy and eggs (excl. butter)","kcal/cap/d","Per capita",2016,490.56
"HKG","China, Hong Kong Special Administrative Region","Eastern Asia",NA,"Food supply (kcal/capita/day)","Dairy and eggs (excl. butter)","kcal/cap/d","Per capita",2017,485.5
"HKG","China, Hong Kong Special Administrative Region","Eastern Asia",NA,"Food supply (kcal/capita/day)","Dairy and eggs (excl. butter)","kcal/cap/d","Per capita",2018,505.6
"HKG","China, Hong Kong Special Administrative Region","Eastern Asia",NA,"Food supply (kcal/capita/day)","Dairy and eggs (excl. butter)","kcal/cap/d","Per capita",2019,490.41999999999996
"HKG","China, Hong Kong Special Administrative Region","Eastern Asia",NA,"Food supply (kcal/capita/day)","Dairy and eggs (excl. butter)","kcal/cap/d","Per capita",2020,457.05999999999995
"HKG","China, Hong Kong Special Administrative Region","Eastern Asia",NA,"Food supply (kcal/capita/day)","Dairy and eggs (excl. butter)","kcal/cap/d","Per capita",2021,417.20000000000005
"HKG","China, Hong Kong Special Administrative Region","Eastern Asia",NA,"Food supply (kcal/capita/day)","Dairy and eggs (excl. butter)","kcal/cap/d","Per capita",2022,379.32
"HKG","China, Hong Kong Special Administrative Region","Eastern Asia",NA,"Food supply (kcal/capita/day)","Dairy and eggs (excl. butter)","kcal/cap/d","Per capita",2023,386.84000000000003
"HKG","China, Hong Kong Special Administrative Region","Eastern Asia",NA,"Food supply (kcal/capita/day)","Fats and oils","kcal/cap/d","Per capita",2010,419.13
"HKG","China, Hong Kong Special Administrative Region","Eastern Asia",NA,"Food supply (kcal/capita/day)","Fats and oils","kcal/cap/d","Per capita",2011,416.95
"HKG","China, Hong Kong Special Administrative Region","Eastern Asia",NA,"Food supply (kcal/capita/day)","Fats and oils","kcal/cap/d","Per capita",2012,411.57
"HKG","China, Hong Kong Special Administrative Region","Eastern Asia",NA,"Food supply (kcal/capita/day)","Fats and oils","kcal/cap/d","Per capita",2013,406.23
"HKG","China, Hong Kong Special Administrative Region","Eastern Asia",NA,"Food supply (kcal/capita/day)","Fats and oils","kcal/cap/d","Per capita",2014,378.39
"HKG","China, Hong Kong Special Administrative Region","Eastern Asia",NA,"Food supply (kcal/capita/day)","Fats and oils","kcal/cap/d","Per capita",2015,370.88
"HKG","China, Hong Kong Special Administrative Region","Eastern Asia",NA,"Food supply (kcal/capita/day)","Fats and oils","kcal/cap/d","Per capita",2016,374.76
"HKG","China, Hong Kong Special Administrative Region","Eastern Asia",NA,"Food supply (kcal/capita/day)","Fats and oils","kcal/cap/d","Per capita",2017,365.84
"HKG","China, Hong Kong Special Administrative Region","Eastern Asia",NA,"Food supply (kcal/capita/day)","Fats and oils","kcal/cap/d","Per capita",2018,438.3
"HKG","China, Hong Kong Special Administrative Region","Eastern Asia",NA,"Food supply (kcal/capita/day)","Fats and oils","kcal/cap/d","Per capita",2019,421.34
"HKG","China, Hong Kong Special Administrative Region","Eastern Asia",NA,"Food supply (kcal/capita/day)","Fats and oils","kcal/cap/d","Per capita",2020,445.23
"HKG","China, Hong Kong Special Administrative Region","Eastern Asia",NA,"Food supply (kcal/capita/day)","Fats and oils","kcal/cap/d","Per capita",2021,448.27000000000004
"HKG","China, Hong Kong Special Administrative Region","Eastern Asia",NA,"Food supply (kcal/capita/day)","Fats and oils","kcal/cap/d","Per capita",2022,454.21999999999997
"HKG","China, Hong Kong Special Administrative Region","Eastern Asia",NA,"Food supply (kcal/capita/day)","Fats and oils","kcal/cap/d","Per capita",2023,407.6
"HKG","China, Hong Kong Special Administrative Region","Eastern Asia",NA,"Food supply (kcal/capita/day)","Fish and seafood","kcal/cap/d","Per capita",2010,95.47
"HKG","China, Hong Kong Special Administrative Region","Eastern Asia",NA,"Food supply (kcal/capita/day)","Fish and seafood","kcal/cap/d","Per capita",2011,94
"HKG","China, Hong Kong Special Administrative Region","Eastern Asia",NA,"Food supply (kcal/capita/day)","Fish and seafood","kcal/cap/d","Per capita",2012,95.63000000000001
"HKG","China, Hong Kong Special Administrative Region","Eastern Asia",NA,"Food supply (kcal/capita/day)","Fish and seafood","kcal/cap/d","Per capita",2013,94.24
"HKG","China, Hong Kong Special Administrative Region","Eastern Asia",NA,"Food supply (kcal/capita/day)","Fish and seafood","kcal/cap/d","Per capita",2014,96.45
"HKG","China, Hong Kong Special Administrative Region","Eastern Asia",NA,"Food supply (kcal/capita/day)","Fish and seafood","kcal/cap/d","Per capita",2015,102.9
"HKG","China, Hong Kong Special Administrative Region","Eastern Asia",NA,"Food supply (kcal/capita/day)","Fish and seafood","kcal/cap/d","Per capita",2016,100.07000000000001
"HKG","China, Hong Kong Special Administrative Region","Eastern Asia",NA,"Food supply (kcal/capita/day)","Fish and seafood","kcal/cap/d","Per capita",2017,92.59
"HKG","China, Hong Kong Special Administrative Region","Eastern Asia",NA,"Food supply (kcal/capita/day)","Fish and seafood","kcal/cap/d","Per capita",2018,94.43
"HKG","China, Hong Kong Special Administrative Region","Eastern Asia",NA,"Food supply (kcal/capita/day)","Fish and seafood","kcal/cap/d","Per capita",2019,92.97
"HKG","China, Hong Kong Special Administrative Region","Eastern Asia",NA,"Food supply (kcal/capita/day)","Fish and seafood","kcal/cap/d","Per capita",2020,93.82000000000001
"HKG","China, Hong Kong Special Administrative Region","Eastern Asia",NA,"Food supply (kcal/capita/day)","Fish and seafood","kcal/cap/d","Per capita",2021,93.15
"HKG","China, Hong Kong Special Administrative Region","Eastern Asia",NA,"Food supply (kcal/capita/day)","Fish and seafood","kcal/cap/d","Per capita",2022,93.38
"HKG","China, Hong Kong Special Administrative Region","Eastern Asia",NA,"Food supply (kcal/capita/day)","Fish and seafood","kcal/cap/d","Per capita",2023,93.69
"HKG","China, Hong Kong Special Administrative Region","Eastern Asia",NA,"Food supply (kcal/capita/day)","Fruits and vegetables","kcal/cap/d","Per capita",2010,186.24
"HKG","China, Hong Kong Special Administrative Region","Eastern Asia",NA,"Food supply (kcal/capita/day)","Fruits and vegetables","kcal/cap/d","Per capita",2011,195.4
"HKG","China, Hong Kong Special Administrative Region","Eastern Asia",NA,"Food supply (kcal/capita/day)","Fruits and vegetables","kcal/cap/d","Per capita",2012,211.53
"HKG","China, Hong Kong Special Administrative Region","Eastern Asia",NA,"Food supply (kcal/capita/day)","Fruits and vegetables","kcal/cap/d","Per capita",2013,200.44
"HKG","China, Hong Kong Special Administrative Region","Eastern Asia",NA,"Food supply (kcal/capita/day)","Fruits and vegetables","kcal/cap/d","Per capita",2014,210.21
"HKG","China, Hong Kong Special Administrative Region","Eastern Asia",NA,"Food supply (kcal/capita/day)","Fruits and vegetables","kcal/cap/d","Per capita",2015,207.45
"HKG","China, Hong Kong Special Administrative Region","Eastern Asia",NA,"Food supply (kcal/capita/day)","Fruits and vegetables","kcal/cap/d","Per capita",2016,197.98
"HKG","China, Hong Kong Special Administrative Region","Eastern Asia",NA,"Food supply (kcal/capita/day)","Fruits and vegetables","kcal/cap/d","Per capita",2017,202.52
"HKG","China, Hong Kong Special Administrative Region","Eastern Asia",NA,"Food supply (kcal/capita/day)","Fruits and vegetables","kcal/cap/d","Per capita",2018,216.75
"HKG","China, Hong Kong Special Administrative Region","Eastern Asia",NA,"Food supply (kcal/capita/day)","Fruits and vegetables","kcal/cap/d","Per capita",2019,234.01999999999998
"HKG","China, Hong Kong Special Administrative Region","Eastern Asia",NA,"Food supply (kcal/capita/day)","Fruits and vegetables","kcal/cap/d","Per capita",2020,240.93
"HKG","China, Hong Kong Special Administrative Region","Eastern Asia",NA,"Food supply (kcal/capita/day)","Fruits and vegetables","kcal/cap/d","Per capita",2021,262.09000000000003
"HKG","China, Hong Kong Special Administrative Region","Eastern Asia",NA,"Food supply (kcal/capita/day)","Fruits and vegetables","kcal/cap/d","Per capita",2022,246.17
"HKG","China, Hong Kong Special Administrative Region","Eastern Asia",NA,"Food supply (kcal/capita/day)","Fruits and vegetables","kcal/cap/d","Per capita",2023,265.93
"HKG","China, Hong Kong Special Administrative Region","Eastern Asia",NA,"Food supply (kcal/capita/day)","Meat","kcal/cap/d","Per capita",2010,662.87
"HKG","China, Hong Kong Special Administrative Region","Eastern Asia",NA,"Food supply (kcal/capita/day)","Meat","kcal/cap/d","Per capita",2011,726.53
"HKG","China, Hong Kong Special Administrative Region","Eastern Asia",NA,"Food supply (kcal/capita/day)","Meat","kcal/cap/d","Per capita",2012,696.01
"HKG","China, Hong Kong Special Administrative Region","Eastern Asia",NA,"Food supply (kcal/capita/day)","Meat","kcal/cap/d","Per capita",2013,677.37
"HKG","China, Hong Kong Special Administrative Region","Eastern Asia",NA,"Food supply (kcal/capita/day)","Meat","kcal/cap/d","Per capita",2014,690.86
"HKG","China, Hong Kong Special Administrative Region","Eastern Asia",NA,"Food supply (kcal/capita/day)","Meat","kcal/cap/d","Per capita",2015,651.7
"HKG","China, Hong Kong Special Administrative Region","Eastern Asia",NA,"Food supply (kcal/capita/day)","Meat","kcal/cap/d","Per capita",2016,709.32
"HKG","China, Hong Kong Special Administrative Region","Eastern Asia",NA,"Food supply (kcal/capita/day)","Meat","kcal/cap/d","Per capita",2017,755.05
"HKG","China, Hong Kong Special Administrative Region","Eastern Asia",NA,"Food supply (kcal/capita/day)","Meat","kcal/cap/d","Per capita",2018,696.5500000000001
"HKG","China, Hong Kong Special Administrative Region","Eastern Asia",NA,"Food supply (kcal/capita/day)","Meat","kcal/cap/d","Per capita",2019,771.55
"HKG","China, Hong Kong Special Administrative Region","Eastern Asia",NA,"Food supply (kcal/capita/day)","Meat","kcal/cap/d","Per capita",2020,745.13
"HKG","China, Hong Kong Special Administrative Region","Eastern Asia",NA,"Food supply (kcal/capita/day)","Meat","kcal/cap/d","Per capita",2021,699.62
"HKG","China, Hong Kong Special Administrative Region","Eastern Asia",NA,"Food supply (kcal/capita/day)","Meat","kcal/cap/d","Per capita",2022,531.04
"HKG","China, Hong Kong Special Administrative Region","Eastern Asia",NA,"Food supply (kcal/capita/day)","Meat","kcal/cap/d","Per capita",2023,492.24
"HKG","China, Hong Kong Special Administrative Region","Eastern Asia",NA,"Food supply (kcal/capita/day)","Pulses","kcal/cap/d","Per capita",2010,9.84
"HKG","China, Hong Kong Special Administrative Region","Eastern Asia",NA,"Food supply (kcal/capita/day)","Pulses","kcal/cap/d","Per capita",2011,10.26
"HKG","China, Hong Kong Special Administrative Region","Eastern Asia",NA,"Food supply (kcal/capita/day)","Pulses","kcal/cap/d","Per capita",2012,10.21
"HKG","China, Hong Kong Special Administrative Region","Eastern Asia",NA,"Food supply (kcal/capita/day)","Pulses","kcal/cap/d","Per capita",2013,10.18
"HKG","China, Hong Kong Special Administrative Region","Eastern Asia",NA,"Food supply (kcal/capita/day)","Pulses","kcal/cap/d","Per capita",2014,10.73
"HKG","China, Hong Kong Special Administrative Region","Eastern Asia",NA,"Food supply (kcal/capita/day)","Pulses","kcal/cap/d","Per capita",2015,10.77
"HKG","China, Hong Kong Special Administrative Region","Eastern Asia",NA,"Food supply (kcal/capita/day)","Pulses","kcal/cap/d","Per capita",2016,9.85
"HKG","China, Hong Kong Special Administrative Region","Eastern Asia",NA,"Food supply (kcal/capita/day)","Pulses","kcal/cap/d","Per capita",2017,9.31
"HKG","China, Hong Kong Special Administrative Region","Eastern Asia",NA,"Food supply (kcal/capita/day)","Pulses","kcal/cap/d","Per capita",2018,9.82
"HKG","China, Hong Kong Special Administrative Region","Eastern Asia",NA,"Food supply (kcal/capita/day)","Pulses","kcal/cap/d","Per capita",2019,8.97
"HKG","China, Hong Kong Special Administrative Region","Eastern Asia",NA,"Food supply (kcal/capita/day)","Pulses","kcal/cap/d","Per capita",2020,9.14
"HKG","China, Hong Kong Special Administrative Region","Eastern Asia",NA,"Food supply (kcal/capita/day)","Pulses","kcal/cap/d","Per capita",2021,7.65
"HKG","China, Hong Kong Special Administrative Region","Eastern Asia",NA,"Food supply (kcal/capita/day)","Pulses","kcal/cap/d","Per capita",2022,7.32
"HKG","China, Hong Kong Special Administrative Region","Eastern Asia",NA,"Food supply (kcal/capita/day)","Pulses","kcal/cap/d","Per capita",2023,7.470000000000001
"HKG","China, Hong Kong Special Administrative Region","Eastern Asia",NA,"Food supply (kcal/capita/day)","Starchy roots","kcal/cap/d","Per capita",2010,44.12
"HKG","China, Hong Kong Special Administrative Region","Eastern Asia",NA,"Food supply (kcal/capita/day)","Starchy roots","kcal/cap/d","Per capita",2011,30.220000000000002
"HKG","China, Hong Kong Special Administrative Region","Eastern Asia",NA,"Food supply (kcal/capita/day)","Starchy roots","kcal/cap/d","Per capita",2012,38.32
"HKG","China, Hong Kong Special Administrative Region","Eastern Asia",NA,"Food supply (kcal/capita/day)","Starchy roots","kcal/cap/d","Per capita",2013,36.5
"HKG","China, Hong Kong Special Administrative Region","Eastern Asia",NA,"Food supply (kcal/capita/day)","Starchy roots","kcal/cap/d","Per capita",2014,44.41
"HKG","China, Hong Kong Special Administrative Region","Eastern Asia",NA,"Food supply (kcal/capita/day)","Starchy roots","kcal/cap/d","Per capita",2015,62.79
"HKG","China, Hong Kong Special Administrative Region","Eastern Asia",NA,"Food supply (kcal/capita/day)","Starchy roots","kcal/cap/d","Per capita",2016,45.82
"HKG","China, Hong Kong Special Administrative Region","Eastern Asia",NA,"Food supply (kcal/capita/day)","Starchy roots","kcal/cap/d","Per capita",2017,49.94
"HKG","China, Hong Kong Special Administrative Region","Eastern Asia",NA,"Food supply (kcal/capita/day)","Starchy roots","kcal/cap/d","Per capita",2018,44.5
"HKG","China, Hong Kong Special Administrative Region","Eastern Asia",NA,"Food supply (kcal/capita/day)","Starchy roots","kcal/cap/d","Per capita",2019,42.93
"HKG","China, Hong Kong Special Administrative Region","Eastern Asia",NA,"Food supply (kcal/capita/day)","Starchy roots","kcal/cap/d","Per capita",2020,35.29
"HKG","China, Hong Kong Special Administrative Region","Eastern Asia",NA,"Food supply (kcal/capita/day)","Starchy roots","kcal/cap/d","Per capita",2021,42.22
"HKG","China, Hong Kong Special Administrative Region","Eastern Asia",NA,"Food supply (kcal/capita/day)","Starchy roots","kcal/cap/d","Per capita",2022,43.11
"HKG","China, Hong Kong Special Administrative Region","Eastern Asia",NA,"Food supply (kcal/capita/day)","Starchy roots","kcal/cap/d","Per capita",2023,47.16
"HKG","China, Hong Kong Special Administrative Region","Eastern Asia",NA,"Food supply (kcal/capita/day)","Sugar","kcal/cap/d","Per capita",2010,298.51
"HKG","China, Hong Kong Special Administrative Region","Eastern Asia",NA,"Food supply (kcal/capita/day)","Sugar","kcal/cap/d","Per capita",2011,296.24
"HKG","China, Hong Kong Special Administrative Region","Eastern Asia",NA,"Food supply (kcal/capita/day)","Sugar","kcal/cap/d","Per capita",2012,296.77
"HKG","China, Hong Kong Special Administrative Region","Eastern Asia",NA,"Food supply (kcal/capita/day)","Sugar","kcal/cap/d","Per capita",2013,297.3
"HKG","China, Hong Kong Special Administrative Region","Eastern Asia",NA,"Food supply (kcal/capita/day)","Sugar","kcal/cap/d","Per capita",2014,304.33
"HKG","China, Hong Kong Special Administrative Region","Eastern Asia",NA,"Food supply (kcal/capita/day)","Sugar","kcal/cap/d","Per capita",2015,299.03000000000003
"HKG","China, Hong Kong Special Administrative Region","Eastern Asia",NA,"Food supply (kcal/capita/day)","Sugar","kcal/cap/d","Per capita",2016,297.03
"HKG","China, Hong Kong Special Administrative Region","Eastern Asia",NA,"Food supply (kcal/capita/day)","Sugar","kcal/cap/d","Per capita",2017,293.89
"HKG","China, Hong Kong Special Administrative Region","Eastern Asia",NA,"Food supply (kcal/capita/day)","Sugar","kcal/cap/d","Per capita",2018,294.58
"HKG","China, Hong Kong Special Administrative Region","Eastern Asia",NA,"Food supply (kcal/capita/day)","Sugar","kcal/cap/d","Per capita",2019,313.53
"HKG","China, Hong Kong Special Administrative Region","Eastern Asia",NA,"Food supply (kcal/capita/day)","Sugar","kcal/cap/d","Per capita",2020,272
"HKG","China, Hong Kong Special Administrative Region","Eastern Asia",NA,"Food supply (kcal/capita/day)","Sugar","kcal/cap/d","Per capita",2021,249.89
"HKG","China, Hong Kong Special Administrative Region","Eastern Asia",NA,"Food supply (kcal/capita/day)","Sugar","kcal/cap/d","Per capita",2022,276.01
"HKG","China, Hong Kong Special Administrative Region","Eastern Asia",NA,"Food supply (kcal/capita/day)","Sugar","kcal/cap/d","Per capita",2023,285.15
"HKG","China, Hong Kong Special Administrative Region","Eastern Asia",NA,"Food supply quantity (kg/capita/yr)","Beverages and other","kg/cap","Per capita",2010,112.33
"HKG","China, Hong Kong Special Administrative Region","Eastern Asia",NA,"Food supply quantity (kg/capita/yr)","Beverages and other","kg/cap","Per capita",2011,106.33
"HKG","China, Hong Kong Special Administrative Region","Eastern Asia",NA,"Food supply quantity (kg/capita/yr)","Beverages and other","kg/cap","Per capita",2012,108.11
"HKG","China, Hong Kong Special Administrative Region","Eastern Asia",NA,"Food supply quantity (kg/capita/yr)","Beverages and other","kg/cap","Per capita",2013,107.99
"HKG","China, Hong Kong Special Administrative Region","Eastern Asia",NA,"Food supply quantity (kg/capita/yr)","Beverages and other","kg/cap","Per capita",2014,97.99
"HKG","China, Hong Kong Special Administrative Region","Eastern Asia",NA,"Food supply quantity (kg/capita/yr)","Beverages and other","kg/cap","Per capita",2015,100.27
"HKG","China, Hong Kong Special Administrative Region","Eastern Asia",NA,"Food supply quantity (kg/capita/yr)","Beverages and other","kg/cap","Per capita",2016,102.15
"HKG","China, Hong Kong Special Administrative Region","Eastern Asia",NA,"Food supply quantity (kg/capita/yr)","Beverages and other","kg/cap","Per capita",2017,104.53999999999999
"HKG","China, Hong Kong Special Administrative Region","Eastern Asia",NA,"Food supply quantity (kg/capita/yr)","Beverages and other","kg/cap","Per capita",2018,102.91
"HKG","China, Hong Kong Special Administrative Region","Eastern Asia",NA,"Food supply quantity (kg/capita/yr)","Beverages and other","kg/cap","Per capita",2019,90.92
"HKG","China, Hong Kong Special Administrative Region","Eastern Asia",NA,"Food supply quantity (kg/capita/yr)","Beverages and other","kg/cap","Per capita",2020,90.42999999999999
"HKG","China, Hong Kong Special Administrative Region","Eastern Asia",NA,"Food supply quantity (kg/capita/yr)","Beverages and other","kg/cap","Per capita",2021,119.76
"HKG","China, Hong Kong Special Administrative Region","Eastern Asia",NA,"Food supply quantity (kg/capita/yr)","Beverages and other","kg/cap","Per capita",2022,132.88
"HKG","China, Hong Kong Special Administrative Region","Eastern Asia",NA,"Food supply quantity (kg/capita/yr)","Beverages and other","kg/cap","Per capita",2023,150.37
"HKG","China, Hong Kong Special Administrative Region","Eastern Asia",NA,"Food supply quantity (kg/capita/yr)","Cereals","kg/cap","Per capita",2010,134.79
"HKG","China, Hong Kong Special Administrative Region","Eastern Asia",NA,"Food supply quantity (kg/capita/yr)","Cereals","kg/cap","Per capita",2011,135.56
"HKG","China, Hong Kong Special Administrative Region","Eastern Asia",NA,"Food supply quantity (kg/capita/yr)","Cereals","kg/cap","Per capita",2012,125.89999999999999
"HKG","China, Hong Kong Special Administrative Region","Eastern Asia",NA,"Food supply quantity (kg/capita/yr)","Cereals","kg/cap","Per capita",2013,131.68
"HKG","China, Hong Kong Special Administrative Region","Eastern Asia",NA,"Food supply quantity (kg/capita/yr)","Cereals","kg/cap","Per capita",2014,134.03
"HKG","China, Hong Kong Special Administrative Region","Eastern Asia",NA,"Food supply quantity (kg/capita/yr)","Cereals","kg/cap","Per capita",2015,130.38
"HKG","China, Hong Kong Special Administrative Region","Eastern Asia",NA,"Food supply quantity (kg/capita/yr)","Cereals","kg/cap","Per capita",2016,129.2
"HKG","China, Hong Kong Special Administrative Region","Eastern Asia",NA,"Food supply quantity (kg/capita/yr)","Cereals","kg/cap","Per capita",2017,131.47
"HKG","China, Hong Kong Special Administrative Region","Eastern Asia",NA,"Food supply quantity (kg/capita/yr)","Cereals","kg/cap","Per capita",2018,130.64
"HKG","China, Hong Kong Special Administrative Region","Eastern Asia",NA,"Food supply quantity (kg/capita/yr)","Cereals","kg/cap","Per capita",2019,121.9
"HKG","China, Hong Kong Special Administrative Region","Eastern Asia",NA,"Food supply quantity (kg/capita/yr)","Cereals","kg/cap","Per capita",2020,120.75
"HKG","China, Hong Kong Special Administrative Region","Eastern Asia",NA,"Food supply quantity (kg/capita/yr)","Cereals","kg/cap","Per capita",2021,114.78999999999999
"HKG","China, Hong Kong Special Administrative Region","Eastern Asia",NA,"Food supply quantity (kg/capita/yr)","Cereals","kg/cap","Per capita",2022,112.98
"HKG","China, Hong Kong Special Administrative Region","Eastern Asia",NA,"Food supply quantity (kg/capita/yr)","Cereals","kg/cap","Per capita",2023,110.19
"HKG","China, Hong Kong Special Administrative Region","Eastern Asia",NA,"Food supply quantity (kg/capita/yr)","Dairy and eggs (excl. butter)","kg/cap","Per capita",2010,198.06
"HKG","China, Hong Kong Special Administrative Region","Eastern Asia",NA,"Food supply quantity (kg/capita/yr)","Dairy and eggs (excl. butter)","kg/cap","Per capita",2011,205.86
"HKG","China, Hong Kong Special Administrative Region","Eastern Asia",NA,"Food supply quantity (kg/capita/yr)","Dairy and eggs (excl. butter)","kg/cap","Per capita",2012,211.44
"HKG","China, Hong Kong Special Administrative Region","Eastern Asia",NA,"Food supply quantity (kg/capita/yr)","Dairy and eggs (excl. butter)","kg/cap","Per capita",2013,209.8
"HKG","China, Hong Kong Special Administrative Region","Eastern Asia",NA,"Food supply quantity (kg/capita/yr)","Dairy and eggs (excl. butter)","kg/cap","Per capita",2014,235.45999999999998
"HKG","China, Hong Kong Special Administrative Region","Eastern Asia",NA,"Food supply quantity (kg/capita/yr)","Dairy and eggs (excl. butter)","kg/cap","Per capita",2015,239.5
"HKG","China, Hong Kong Special Administrative Region","Eastern Asia",NA,"Food supply quantity (kg/capita/yr)","Dairy and eggs (excl. butter)","kg/cap","Per capita",2016,252.52
"HKG","China, Hong Kong Special Administrative Region","Eastern Asia",NA,"Food supply quantity (kg/capita/yr)","Dairy and eggs (excl. butter)","kg/cap","Per capita",2017,251.51999999999998
"HKG","China, Hong Kong Special Administrative Region","Eastern Asia",NA,"Food supply quantity (kg/capita/yr)","Dairy and eggs (excl. butter)","kg/cap","Per capita",2018,248.79999999999998
"HKG","China, Hong Kong Special Administrative Region","Eastern Asia",NA,"Food supply quantity (kg/capita/yr)","Dairy and eggs (excl. butter)","kg/cap","Per capita",2019,238.89999999999998
"HKG","China, Hong Kong Special Administrative Region","Eastern Asia",NA,"Food supply quantity (kg/capita/yr)","Dairy and eggs (excl. butter)","kg/cap","Per capita",2020,219.48000000000002
"HKG","China, Hong Kong Special Administrative Region","Eastern Asia",NA,"Food supply quantity (kg/capita/yr)","Dairy and eggs (excl. butter)","kg/cap","Per capita",2021,207.82
"HKG","China, Hong Kong Special Administrative Region","Eastern Asia",NA,"Food supply quantity (kg/capita/yr)","Dairy and eggs (excl. butter)","kg/cap","Per capita",2022,194.20000000000002
"HKG","China, Hong Kong Special Administrative Region","Eastern Asia",NA,"Food supply quantity (kg/capita/yr)","Dairy and eggs (excl. butter)","kg/cap","Per capita",2023,191.4
"HKG","China, Hong Kong Special Administrative Region","Eastern Asia",NA,"Food supply quantity (kg/capita/yr)","Fats and oils","kg/cap","Per capita",2010,26.09
"HKG","China, Hong Kong Special Administrative Region","Eastern Asia",NA,"Food supply quantity (kg/capita/yr)","Fats and oils","kg/cap","Per capita",2011,24.74
"HKG","China, Hong Kong Special Administrative Region","Eastern Asia",NA,"Food supply quantity (kg/capita/yr)","Fats and oils","kg/cap","Per capita",2012,25.17
"HKG","China, Hong Kong Special Administrative Region","Eastern Asia",NA,"Food supply quantity (kg/capita/yr)","Fats and oils","kg/cap","Per capita",2013,24.91
"HKG","China, Hong Kong Special Administrative Region","Eastern Asia",NA,"Food supply quantity (kg/capita/yr)","Fats and oils","kg/cap","Per capita",2014,23.97
"HKG","China, Hong Kong Special Administrative Region","Eastern Asia",NA,"Food supply quantity (kg/capita/yr)","Fats and oils","kg/cap","Per capita",2015,24.07
"HKG","China, Hong Kong Special Administrative Region","Eastern Asia",NA,"Food supply quantity (kg/capita/yr)","Fats and oils","kg/cap","Per capita",2016,24.69
"HKG","China, Hong Kong Special Administrative Region","Eastern Asia",NA,"Food supply quantity (kg/capita/yr)","Fats and oils","kg/cap","Per capita",2017,25.04
"HKG","China, Hong Kong Special Administrative Region","Eastern Asia",NA,"Food supply quantity (kg/capita/yr)","Fats and oils","kg/cap","Per capita",2018,27.5
"HKG","China, Hong Kong Special Administrative Region","Eastern Asia",NA,"Food supply quantity (kg/capita/yr)","Fats and oils","kg/cap","Per capita",2019,26.07
"HKG","China, Hong Kong Special Administrative Region","Eastern Asia",NA,"Food supply quantity (kg/capita/yr)","Fats and oils","kg/cap","Per capita",2020,26.97
"HKG","China, Hong Kong Special Administrative Region","Eastern Asia",NA,"Food supply quantity (kg/capita/yr)","Fats and oils","kg/cap","Per capita",2021,27.53
"HKG","China, Hong Kong Special Administrative Region","Eastern Asia",NA,"Food supply quantity (kg/capita/yr)","Fats and oils","kg/cap","Per capita",2022,27.6
"HKG","China, Hong Kong Special Administrative Region","Eastern Asia",NA,"Food supply quantity (kg/capita/yr)","Fats and oils","kg/cap","Per capita",2023,25.16
"HKG","China, Hong Kong Special Administrative Region","Eastern Asia",NA,"Food supply quantity (kg/capita/yr)","Fish and seafood","kg/cap","Per capita",2010,70.75
"HKG","China, Hong Kong Special Administrative Region","Eastern Asia",NA,"Food supply quantity (kg/capita/yr)","Fish and seafood","kg/cap","Per capita",2011,70.84
"HKG","China, Hong Kong Special Administrative Region","Eastern Asia",NA,"Food supply quantity (kg/capita/yr)","Fish and seafood","kg/cap","Per capita",2012,67.08
"HKG","China, Hong Kong Special Administrative Region","Eastern Asia",NA,"Food supply quantity (kg/capita/yr)","Fish and seafood","kg/cap","Per capita",2013,65.63
"HKG","China, Hong Kong Special Administrative Region","Eastern Asia",NA,"Food supply quantity (kg/capita/yr)","Fish and seafood","kg/cap","Per capita",2014,67.23
"HKG","China, Hong Kong Special Administrative Region","Eastern Asia",NA,"Food supply quantity (kg/capita/yr)","Fish and seafood","kg/cap","Per capita",2015,69.74
"HKG","China, Hong Kong Special Administrative Region","Eastern Asia",NA,"Food supply quantity (kg/capita/yr)","Fish and seafood","kg/cap","Per capita",2016,69.53
"HKG","China, Hong Kong Special Administrative Region","Eastern Asia",NA,"Food supply quantity (kg/capita/yr)","Fish and seafood","kg/cap","Per capita",2017,65.21
"HKG","China, Hong Kong Special Administrative Region","Eastern Asia",NA,"Food supply quantity (kg/capita/yr)","Fish and seafood","kg/cap","Per capita",2018,66.2
"HKG","China, Hong Kong Special Administrative Region","Eastern Asia",NA,"Food supply quantity (kg/capita/yr)","Fish and seafood","kg/cap","Per capita",2019,65.98
"HKG","China, Hong Kong Special Administrative Region","Eastern Asia",NA,"Food supply quantity (kg/capita/yr)","Fish and seafood","kg/cap","Per capita",2020,65.87
"HKG","China, Hong Kong Special Administrative Region","Eastern Asia",NA,"Food supply quantity (kg/capita/yr)","Fish and seafood","kg/cap","Per capita",2021,68.73
"HKG","China, Hong Kong Special Administrative Region","Eastern Asia",NA,"Food supply quantity (kg/capita/yr)","Fish and seafood","kg/cap","Per capita",2022,68.9
"HKG","China, Hong Kong Special Administrative Region","Eastern Asia",NA,"Food supply quantity (kg/capita/yr)","Fish and seafood","kg/cap","Per capita",2023,69.12
"HKG","China, Hong Kong Special Administrative Region","Eastern Asia",NA,"Food supply quantity (kg/capita/yr)","Fruits and vegetables","kg/cap","Per capita",2010,217.49
"HKG","China, Hong Kong Special Administrative Region","Eastern Asia",NA,"Food supply quantity (kg/capita/yr)","Fruits and vegetables","kg/cap","Per capita",2011,227.67000000000002
"HKG","China, Hong Kong Special Administrative Region","Eastern Asia",NA,"Food supply quantity (kg/capita/yr)","Fruits and vegetables","kg/cap","Per capita",2012,255.69
"HKG","China, Hong Kong Special Administrative Region","Eastern Asia",NA,"Food supply quantity (kg/capita/yr)","Fruits and vegetables","kg/cap","Per capita",2013,234.78
"HKG","China, Hong Kong Special Administrative Region","Eastern Asia",NA,"Food supply quantity (kg/capita/yr)","Fruits and vegetables","kg/cap","Per capita",2014,248.92000000000002
"HKG","China, Hong Kong Special Administrative Region","Eastern Asia",NA,"Food supply quantity (kg/capita/yr)","Fruits and vegetables","kg/cap","Per capita",2015,242.99
"HKG","China, Hong Kong Special Administrative Region","Eastern Asia",NA,"Food supply quantity (kg/capita/yr)","Fruits and vegetables","kg/cap","Per capita",2016,239.31
"HKG","China, Hong Kong Special Administrative Region","Eastern Asia",NA,"Food supply quantity (kg/capita/yr)","Fruits and vegetables","kg/cap","Per capita",2017,239.97
"HKG","China, Hong Kong Special Administrative Region","Eastern Asia",NA,"Food supply quantity (kg/capita/yr)","Fruits and vegetables","kg/cap","Per capita",2018,235.67000000000002
"HKG","China, Hong Kong Special Administrative Region","Eastern Asia",NA,"Food supply quantity (kg/capita/yr)","Fruits and vegetables","kg/cap","Per capita",2019,243.54999999999998
"HKG","China, Hong Kong Special Administrative Region","Eastern Asia",NA,"Food supply quantity (kg/capita/yr)","Fruits and vegetables","kg/cap","Per capita",2020,244.84
"HKG","China, Hong Kong Special Administrative Region","Eastern Asia",NA,"Food supply quantity (kg/capita/yr)","Fruits and vegetables","kg/cap","Per capita",2021,257.71000000000004
"HKG","China, Hong Kong Special Administrative Region","Eastern Asia",NA,"Food supply quantity (kg/capita/yr)","Fruits and vegetables","kg/cap","Per capita",2022,249.39000000000001
"HKG","China, Hong Kong Special Administrative Region","Eastern Asia",NA,"Food supply quantity (kg/capita/yr)","Fruits and vegetables","kg/cap","Per capita",2023,247.64000000000001
"HKG","China, Hong Kong Special Administrative Region","Eastern Asia",NA,"Food supply quantity (kg/capita/yr)","Meat","kg/cap","Per capita",2010,151.39
"HKG","China, Hong Kong Special Administrative Region","Eastern Asia",NA,"Food supply quantity (kg/capita/yr)","Meat","kg/cap","Per capita",2011,166.91
"HKG","China, Hong Kong Special Administrative Region","Eastern Asia",NA,"Food supply quantity (kg/capita/yr)","Meat","kg/cap","Per capita",2012,159.79
"HKG","China, Hong Kong Special Administrative Region","Eastern Asia",NA,"Food supply quantity (kg/capita/yr)","Meat","kg/cap","Per capita",2013,154.4
"HKG","China, Hong Kong Special Administrative Region","Eastern Asia",NA,"Food supply quantity (kg/capita/yr)","Meat","kg/cap","Per capita",2014,160.32
"HKG","China, Hong Kong Special Administrative Region","Eastern Asia",NA,"Food supply quantity (kg/capita/yr)","Meat","kg/cap","Per capita",2015,147.85
"HKG","China, Hong Kong Special Administrative Region","Eastern Asia",NA,"Food supply quantity (kg/capita/yr)","Meat","kg/cap","Per capita",2016,165.73000000000002
"HKG","China, Hong Kong Special Administrative Region","Eastern Asia",NA,"Food supply quantity (kg/capita/yr)","Meat","kg/cap","Per capita",2017,176.24
"HKG","China, Hong Kong Special Administrative Region","Eastern Asia",NA,"Food supply quantity (kg/capita/yr)","Meat","kg/cap","Per capita",2018,164.96
"HKG","China, Hong Kong Special Administrative Region","Eastern Asia",NA,"Food supply quantity (kg/capita/yr)","Meat","kg/cap","Per capita",2019,184.08
"HKG","China, Hong Kong Special Administrative Region","Eastern Asia",NA,"Food supply quantity (kg/capita/yr)","Meat","kg/cap","Per capita",2020,176.85
"HKG","China, Hong Kong Special Administrative Region","Eastern Asia",NA,"Food supply quantity (kg/capita/yr)","Meat","kg/cap","Per capita",2021,167.76
"HKG","China, Hong Kong Special Administrative Region","Eastern Asia",NA,"Food supply quantity (kg/capita/yr)","Meat","kg/cap","Per capita",2022,124.22
"HKG","China, Hong Kong Special Administrative Region","Eastern Asia",NA,"Food supply quantity (kg/capita/yr)","Meat","kg/cap","Per capita",2023,112.42
"HKG","China, Hong Kong Special Administrative Region","Eastern Asia",NA,"Food supply quantity (kg/capita/yr)","Pulses","kg/cap","Per capita",2010,1.0999999999999999
"HKG","China, Hong Kong Special Administrative Region","Eastern Asia",NA,"Food supply quantity (kg/capita/yr)","Pulses","kg/cap","Per capita",2011,1.14
"HKG","China, Hong Kong Special Administrative Region","Eastern Asia",NA,"Food supply quantity (kg/capita/yr)","Pulses","kg/cap","Per capita",2012,1.14
"HKG","China, Hong Kong Special Administrative Region","Eastern Asia",NA,"Food supply quantity (kg/capita/yr)","Pulses","kg/cap","Per capita",2013,1.14
"HKG","China, Hong Kong Special Administrative Region","Eastern Asia",NA,"Food supply quantity (kg/capita/yr)","Pulses","kg/cap","Per capita",2014,1.19
"HKG","China, Hong Kong Special Administrative Region","Eastern Asia",NA,"Food supply quantity (kg/capita/yr)","Pulses","kg/cap","Per capita",2015,1.21
"HKG","China, Hong Kong Special Administrative Region","Eastern Asia",NA,"Food supply quantity (kg/capita/yr)","Pulses","kg/cap","Per capita",2016,1.0899999999999999
"HKG","China, Hong Kong Special Administrative Region","Eastern Asia",NA,"Food supply quantity (kg/capita/yr)","Pulses","kg/cap","Per capita",2017,1.03
"HKG","China, Hong Kong Special Administrative Region","Eastern Asia",NA,"Food supply quantity (kg/capita/yr)","Pulses","kg/cap","Per capita",2018,1.0899999999999999
"HKG","China, Hong Kong Special Administrative Region","Eastern Asia",NA,"Food supply quantity (kg/capita/yr)","Pulses","kg/cap","Per capita",2019,0.99
"HKG","China, Hong Kong Special Administrative Region","Eastern Asia",NA,"Food supply quantity (kg/capita/yr)","Pulses","kg/cap","Per capita",2020,1.02
"HKG","China, Hong Kong Special Administrative Region","Eastern Asia",NA,"Food supply quantity (kg/capita/yr)","Pulses","kg/cap","Per capita",2021,0.86
"HKG","China, Hong Kong Special Administrative Region","Eastern Asia",NA,"Food supply quantity (kg/capita/yr)","Pulses","kg/cap","Per capita",2022,0.83
"HKG","China, Hong Kong Special Administrative Region","Eastern Asia",NA,"Food supply quantity (kg/capita/yr)","Pulses","kg/cap","Per capita",2023,0.84
"HKG","China, Hong Kong Special Administrative Region","Eastern Asia",NA,"Food supply quantity (kg/capita/yr)","Starchy roots","kg/cap","Per capita",2010,25.91
"HKG","China, Hong Kong Special Administrative Region","Eastern Asia",NA,"Food supply quantity (kg/capita/yr)","Starchy roots","kg/cap","Per capita",2011,18.240000000000002
"HKG","China, Hong Kong Special Administrative Region","Eastern Asia",NA,"Food supply quantity (kg/capita/yr)","Starchy roots","kg/cap","Per capita",2012,21.59
"HKG","China, Hong Kong Special Administrative Region","Eastern Asia",NA,"Food supply quantity (kg/capita/yr)","Starchy roots","kg/cap","Per capita",2013,21.11
"HKG","China, Hong Kong Special Administrative Region","Eastern Asia",NA,"Food supply quantity (kg/capita/yr)","Starchy roots","kg/cap","Per capita",2014,25.18
"HKG","China, Hong Kong Special Administrative Region","Eastern Asia",NA,"Food supply quantity (kg/capita/yr)","Starchy roots","kg/cap","Per capita",2015,35.6
"HKG","China, Hong Kong Special Administrative Region","Eastern Asia",NA,"Food supply quantity (kg/capita/yr)","Starchy roots","kg/cap","Per capita",2016,24.59
"HKG","China, Hong Kong Special Administrative Region","Eastern Asia",NA,"Food supply quantity (kg/capita/yr)","Starchy roots","kg/cap","Per capita",2017,26.29
"HKG","China, Hong Kong Special Administrative Region","Eastern Asia",NA,"Food supply quantity (kg/capita/yr)","Starchy roots","kg/cap","Per capita",2018,23.65
"HKG","China, Hong Kong Special Administrative Region","Eastern Asia",NA,"Food supply quantity (kg/capita/yr)","Starchy roots","kg/cap","Per capita",2019,22.52
"HKG","China, Hong Kong Special Administrative Region","Eastern Asia",NA,"Food supply quantity (kg/capita/yr)","Starchy roots","kg/cap","Per capita",2020,17.92
"HKG","China, Hong Kong Special Administrative Region","Eastern Asia",NA,"Food supply quantity (kg/capita/yr)","Starchy roots","kg/cap","Per capita",2021,22.15
"HKG","China, Hong Kong Special Administrative Region","Eastern Asia",NA,"Food supply quantity (kg/capita/yr)","Starchy roots","kg/cap","Per capita",2022,22.64
"HKG","China, Hong Kong Special Administrative Region","Eastern Asia",NA,"Food supply quantity (kg/capita/yr)","Starchy roots","kg/cap","Per capita",2023,24.560000000000002
"HKG","China, Hong Kong Special Administrative Region","Eastern Asia",NA,"Food supply quantity (kg/capita/yr)","Sugar","kg/cap","Per capita",2010,51.68
"HKG","China, Hong Kong Special Administrative Region","Eastern Asia",NA,"Food supply quantity (kg/capita/yr)","Sugar","kg/cap","Per capita",2011,49.940000000000005
"HKG","China, Hong Kong Special Administrative Region","Eastern Asia",NA,"Food supply quantity (kg/capita/yr)","Sugar","kg/cap","Per capita",2012,49.83
"HKG","China, Hong Kong Special Administrative Region","Eastern Asia",NA,"Food supply quantity (kg/capita/yr)","Sugar","kg/cap","Per capita",2013,49.76
"HKG","China, Hong Kong Special Administrative Region","Eastern Asia",NA,"Food supply quantity (kg/capita/yr)","Sugar","kg/cap","Per capita",2014,50.269999999999996
"HKG","China, Hong Kong Special Administrative Region","Eastern Asia",NA,"Food supply quantity (kg/capita/yr)","Sugar","kg/cap","Per capita",2015,49.989999999999995
"HKG","China, Hong Kong Special Administrative Region","Eastern Asia",NA,"Food supply quantity (kg/capita/yr)","Sugar","kg/cap","Per capita",2016,49.58
"HKG","China, Hong Kong Special Administrative Region","Eastern Asia",NA,"Food supply quantity (kg/capita/yr)","Sugar","kg/cap","Per capita",2017,49.31
"HKG","China, Hong Kong Special Administrative Region","Eastern Asia",NA,"Food supply quantity (kg/capita/yr)","Sugar","kg/cap","Per capita",2018,50.68
"HKG","China, Hong Kong Special Administrative Region","Eastern Asia",NA,"Food supply quantity (kg/capita/yr)","Sugar","kg/cap","Per capita",2019,51.3
"HKG","China, Hong Kong Special Administrative Region","Eastern Asia",NA,"Food supply quantity (kg/capita/yr)","Sugar","kg/cap","Per capita",2020,47.53
"HKG","China, Hong Kong Special Administrative Region","Eastern Asia",NA,"Food supply quantity (kg/capita/yr)","Sugar","kg/cap","Per capita",2021,46.6
"HKG","China, Hong Kong Special Administrative Region","Eastern Asia",NA,"Food supply quantity (kg/capita/yr)","Sugar","kg/cap","Per capita",2022,52.93
"HKG","China, Hong Kong Special Administrative Region","Eastern Asia",NA,"Food supply quantity (kg/capita/yr)","Sugar","kg/cap","Per capita",2023,54.67
"HKG","China, Hong Kong Special Administrative Region","Eastern Asia",NA,"Import quantity","Beverages and other","t","Balance",2010,1305000
"HKG","China, Hong Kong Special Administrative Region","Eastern Asia",NA,"Import quantity","Beverages and other","t","Balance",2011,1413000
"HKG","China, Hong Kong Special Administrative Region","Eastern Asia",NA,"Import quantity","Beverages and other","t","Balance",2012,1564000
"HKG","China, Hong Kong Special Administrative Region","Eastern Asia",NA,"Import quantity","Beverages and other","t","Balance",2013,1550000
"HKG","China, Hong Kong Special Administrative Region","Eastern Asia",NA,"Import quantity","Beverages and other","t","Balance",2014,1362000
"HKG","China, Hong Kong Special Administrative Region","Eastern Asia",NA,"Import quantity","Beverages and other","t","Balance",2015,1403000
"HKG","China, Hong Kong Special Administrative Region","Eastern Asia",NA,"Import quantity","Beverages and other","t","Balance",2016,1771000
"HKG","China, Hong Kong Special Administrative Region","Eastern Asia",NA,"Import quantity","Beverages and other","t","Balance",2017,1799000
"HKG","China, Hong Kong Special Administrative Region","Eastern Asia",NA,"Import quantity","Beverages and other","t","Balance",2018,1526000
"HKG","China, Hong Kong Special Administrative Region","Eastern Asia",NA,"Import quantity","Beverages and other","t","Balance",2019,1407000
"HKG","China, Hong Kong Special Administrative Region","Eastern Asia",NA,"Import quantity","Beverages and other","t","Balance",2020,1280000
"HKG","China, Hong Kong Special Administrative Region","Eastern Asia",NA,"Import quantity","Beverages and other","t","Balance",2021,1303000
"HKG","China, Hong Kong Special Administrative Region","Eastern Asia",NA,"Import quantity","Beverages and other","t","Balance",2022,1358000
"HKG","China, Hong Kong Special Administrative Region","Eastern Asia",NA,"Import quantity","Beverages and other","t","Balance",2023,1558000
"HKG","China, Hong Kong Special Administrative Region","Eastern Asia",NA,"Import quantity","Cereals","t","Balance",2010,1149000
"HKG","China, Hong Kong Special Administrative Region","Eastern Asia",NA,"Import quantity","Cereals","t","Balance",2011,1195000
"HKG","China, Hong Kong Special Administrative Region","Eastern Asia",NA,"Import quantity","Cereals","t","Balance",2012,1181000
"HKG","China, Hong Kong Special Administrative Region","Eastern Asia",NA,"Import quantity","Cereals","t","Balance",2013,1217000
"HKG","China, Hong Kong Special Administrative Region","Eastern Asia",NA,"Import quantity","Cereals","t","Balance",2014,1251000
"HKG","China, Hong Kong Special Administrative Region","Eastern Asia",NA,"Import quantity","Cereals","t","Balance",2015,1200000
"HKG","China, Hong Kong Special Administrative Region","Eastern Asia",NA,"Import quantity","Cereals","t","Balance",2016,1204000
"HKG","China, Hong Kong Special Administrative Region","Eastern Asia",NA,"Import quantity","Cereals","t","Balance",2017,1195000
"HKG","China, Hong Kong Special Administrative Region","Eastern Asia",NA,"Import quantity","Cereals","t","Balance",2018,1200000
"HKG","China, Hong Kong Special Administrative Region","Eastern Asia",NA,"Import quantity","Cereals","t","Balance",2019,1124000
"HKG","China, Hong Kong Special Administrative Region","Eastern Asia",NA,"Import quantity","Cereals","t","Balance",2020,1101000
"HKG","China, Hong Kong Special Administrative Region","Eastern Asia",NA,"Import quantity","Cereals","t","Balance",2021,1050000
"HKG","China, Hong Kong Special Administrative Region","Eastern Asia",NA,"Import quantity","Cereals","t","Balance",2022,1043000
"HKG","China, Hong Kong Special Administrative Region","Eastern Asia",NA,"Import quantity","Cereals","t","Balance",2023,1043000
"HKG","China, Hong Kong Special Administrative Region","Eastern Asia",NA,"Import quantity","Dairy and eggs (excl. butter)","t","Balance",2010,1462000
"HKG","China, Hong Kong Special Administrative Region","Eastern Asia",NA,"Import quantity","Dairy and eggs (excl. butter)","t","Balance",2011,1700000
"HKG","China, Hong Kong Special Administrative Region","Eastern Asia",NA,"Import quantity","Dairy and eggs (excl. butter)","t","Balance",2012,1954000
"HKG","China, Hong Kong Special Administrative Region","Eastern Asia",NA,"Import quantity","Dairy and eggs (excl. butter)","t","Balance",2013,1918000
"HKG","China, Hong Kong Special Administrative Region","Eastern Asia",NA,"Import quantity","Dairy and eggs (excl. butter)","t","Balance",2014,2428000
"HKG","China, Hong Kong Special Administrative Region","Eastern Asia",NA,"Import quantity","Dairy and eggs (excl. butter)","t","Balance",2015,2340000
"HKG","China, Hong Kong Special Administrative Region","Eastern Asia",NA,"Import quantity","Dairy and eggs (excl. butter)","t","Balance",2016,2610000
"HKG","China, Hong Kong Special Administrative Region","Eastern Asia",NA,"Import quantity","Dairy and eggs (excl. butter)","t","Balance",2017,2614000
"HKG","China, Hong Kong Special Administrative Region","Eastern Asia",NA,"Import quantity","Dairy and eggs (excl. butter)","t","Balance",2018,2764000
"HKG","China, Hong Kong Special Administrative Region","Eastern Asia",NA,"Import quantity","Dairy and eggs (excl. butter)","t","Balance",2019,2730000
"HKG","China, Hong Kong Special Administrative Region","Eastern Asia",NA,"Import quantity","Dairy and eggs (excl. butter)","t","Balance",2020,2084000
"HKG","China, Hong Kong Special Administrative Region","Eastern Asia",NA,"Import quantity","Dairy and eggs (excl. butter)","t","Balance",2021,1972000
"HKG","China, Hong Kong Special Administrative Region","Eastern Asia",NA,"Import quantity","Dairy and eggs (excl. butter)","t","Balance",2022,1772000
"HKG","China, Hong Kong Special Administrative Region","Eastern Asia",NA,"Import quantity","Dairy and eggs (excl. butter)","t","Balance",2023,1834000
"HKG","China, Hong Kong Special Administrative Region","Eastern Asia",NA,"Import quantity","Fats and oils","t","Balance",2010,326000
"HKG","China, Hong Kong Special Administrative Region","Eastern Asia",NA,"Import quantity","Fats and oils","t","Balance",2011,287000
"HKG","China, Hong Kong Special Administrative Region","Eastern Asia",NA,"Import quantity","Fats and oils","t","Balance",2012,304000
"HKG","China, Hong Kong Special Administrative Region","Eastern Asia",NA,"Import quantity","Fats and oils","t","Balance",2013,305000
"HKG","China, Hong Kong Special Administrative Region","Eastern Asia",NA,"Import quantity","Fats and oils","t","Balance",2014,335000
"HKG","China, Hong Kong Special Administrative Region","Eastern Asia",NA,"Import quantity","Fats and oils","t","Balance",2015,309000
"HKG","China, Hong Kong Special Administrative Region","Eastern Asia",NA,"Import quantity","Fats and oils","t","Balance",2016,369000
"HKG","China, Hong Kong Special Administrative Region","Eastern Asia",NA,"Import quantity","Fats and oils","t","Balance",2017,332000
"HKG","China, Hong Kong Special Administrative Region","Eastern Asia",NA,"Import quantity","Fats and oils","t","Balance",2018,340000
"HKG","China, Hong Kong Special Administrative Region","Eastern Asia",NA,"Import quantity","Fats and oils","t","Balance",2019,355000
"HKG","China, Hong Kong Special Administrative Region","Eastern Asia",NA,"Import quantity","Fats and oils","t","Balance",2020,275000
"HKG","China, Hong Kong Special Administrative Region","Eastern Asia",NA,"Import quantity","Fats and oils","t","Balance",2021,285000
"HKG","China, Hong Kong Special Administrative Region","Eastern Asia",NA,"Import quantity","Fats and oils","t","Balance",2022,266000
"HKG","China, Hong Kong Special Administrative Region","Eastern Asia",NA,"Import quantity","Fats and oils","t","Balance",2023,252000
"HKG","China, Hong Kong Special Administrative Region","Eastern Asia",NA,"Import quantity","Fish and seafood","t","Balance",2010,677000
"HKG","China, Hong Kong Special Administrative Region","Eastern Asia",NA,"Import quantity","Fish and seafood","t","Balance",2011,697000
"HKG","China, Hong Kong Special Administrative Region","Eastern Asia",NA,"Import quantity","Fish and seafood","t","Balance",2012,684000
"HKG","China, Hong Kong Special Administrative Region","Eastern Asia",NA,"Import quantity","Fish and seafood","t","Balance",2013,721000
"HKG","China, Hong Kong Special Administrative Region","Eastern Asia",NA,"Import quantity","Fish and seafood","t","Balance",2014,703000
"HKG","China, Hong Kong Special Administrative Region","Eastern Asia",NA,"Import quantity","Fish and seafood","t","Balance",2015,679000
"HKG","China, Hong Kong Special Administrative Region","Eastern Asia",NA,"Import quantity","Fish and seafood","t","Balance",2016,643000
"HKG","China, Hong Kong Special Administrative Region","Eastern Asia",NA,"Import quantity","Fish and seafood","t","Balance",2017,600000
"HKG","China, Hong Kong Special Administrative Region","Eastern Asia",NA,"Import quantity","Fish and seafood","t","Balance",2018,595000
"HKG","China, Hong Kong Special Administrative Region","Eastern Asia",NA,"Import quantity","Fish and seafood","t","Balance",2019,563000
"HKG","China, Hong Kong Special Administrative Region","Eastern Asia",NA,"Import quantity","Fish and seafood","t","Balance",2020,520000
"HKG","China, Hong Kong Special Administrative Region","Eastern Asia",NA,"Import quantity","Fish and seafood","t","Balance",2021,601000
"HKG","China, Hong Kong Special Administrative Region","Eastern Asia",NA,"Import quantity","Fish and seafood","t","Balance",2022,601000
"HKG","China, Hong Kong Special Administrative Region","Eastern Asia",NA,"Import quantity","Fish and seafood","t","Balance",2023,601000
"HKG","China, Hong Kong Special Administrative Region","Eastern Asia",NA,"Import quantity","Fruits and vegetables","t","Balance",2010,2666000
"HKG","China, Hong Kong Special Administrative Region","Eastern Asia",NA,"Import quantity","Fruits and vegetables","t","Balance",2011,3047000
"HKG","China, Hong Kong Special Administrative Region","Eastern Asia",NA,"Import quantity","Fruits and vegetables","t","Balance",2012,3205000
"HKG","China, Hong Kong Special Administrative Region","Eastern Asia",NA,"Import quantity","Fruits and vegetables","t","Balance",2013,3104000
"HKG","China, Hong Kong Special Administrative Region","Eastern Asia",NA,"Import quantity","Fruits and vegetables","t","Balance",2014,3281000
"HKG","China, Hong Kong Special Administrative Region","Eastern Asia",NA,"Import quantity","Fruits and vegetables","t","Balance",2015,3327000
"HKG","China, Hong Kong Special Administrative Region","Eastern Asia",NA,"Import quantity","Fruits and vegetables","t","Balance",2016,3428000
"HKG","China, Hong Kong Special Administrative Region","Eastern Asia",NA,"Import quantity","Fruits and vegetables","t","Balance",2017,3430000
"HKG","China, Hong Kong Special Administrative Region","Eastern Asia",NA,"Import quantity","Fruits and vegetables","t","Balance",2018,3494000
"HKG","China, Hong Kong Special Administrative Region","Eastern Asia",NA,"Import quantity","Fruits and vegetables","t","Balance",2019,3692000
"HKG","China, Hong Kong Special Administrative Region","Eastern Asia",NA,"Import quantity","Fruits and vegetables","t","Balance",2020,3502000
"HKG","China, Hong Kong Special Administrative Region","Eastern Asia",NA,"Import quantity","Fruits and vegetables","t","Balance",2021,3552000
"HKG","China, Hong Kong Special Administrative Region","Eastern Asia",NA,"Import quantity","Fruits and vegetables","t","Balance",2022,2853000
"HKG","China, Hong Kong Special Administrative Region","Eastern Asia",NA,"Import quantity","Fruits and vegetables","t","Balance",2023,2702000
"HKG","China, Hong Kong Special Administrative Region","Eastern Asia",NA,"Import quantity","Meat","t","Balance",2010,2769000
"HKG","China, Hong Kong Special Administrative Region","Eastern Asia",NA,"Import quantity","Meat","t","Balance",2011,3043000
"HKG","China, Hong Kong Special Administrative Region","Eastern Asia",NA,"Import quantity","Meat","t","Balance",2012,2463000
"HKG","China, Hong Kong Special Administrative Region","Eastern Asia",NA,"Import quantity","Meat","t","Balance",2013,2612000
"HKG","China, Hong Kong Special Administrative Region","Eastern Asia",NA,"Import quantity","Meat","t","Balance",2014,3244000
"HKG","China, Hong Kong Special Administrative Region","Eastern Asia",NA,"Import quantity","Meat","t","Balance",2015,2616000
"HKG","China, Hong Kong Special Administrative Region","Eastern Asia",NA,"Import quantity","Meat","t","Balance",2016,2839000
"HKG","China, Hong Kong Special Administrative Region","Eastern Asia",NA,"Import quantity","Meat","t","Balance",2017,2950000
"HKG","China, Hong Kong Special Administrative Region","Eastern Asia",NA,"Import quantity","Meat","t","Balance",2018,2733000
"HKG","China, Hong Kong Special Administrative Region","Eastern Asia",NA,"Import quantity","Meat","t","Balance",2019,2422000
"HKG","China, Hong Kong Special Administrative Region","Eastern Asia",NA,"Import quantity","Meat","t","Balance",2020,2171000
"HKG","China, Hong Kong Special Administrative Region","Eastern Asia",NA,"Import quantity","Meat","t","Balance",2021,1738000
"HKG","China, Hong Kong Special Administrative Region","Eastern Asia",NA,"Import quantity","Meat","t","Balance",2022,1084000
"HKG","China, Hong Kong Special Administrative Region","Eastern Asia",NA,"Import quantity","Meat","t","Balance",2023,1064000
"HKG","China, Hong Kong Special Administrative Region","Eastern Asia",NA,"Import quantity","Pulses","t","Balance",2010,10000
"HKG","China, Hong Kong Special Administrative Region","Eastern Asia",NA,"Import quantity","Pulses","t","Balance",2011,12000
"HKG","China, Hong Kong Special Administrative Region","Eastern Asia",NA,"Import quantity","Pulses","t","Balance",2012,10000
"HKG","China, Hong Kong Special Administrative Region","Eastern Asia",NA,"Import quantity","Pulses","t","Balance",2013,10000
"HKG","China, Hong Kong Special Administrative Region","Eastern Asia",NA,"Import quantity","Pulses","t","Balance",2014,11000
"HKG","China, Hong Kong Special Administrative Region","Eastern Asia",NA,"Import quantity","Pulses","t","Balance",2015,14000
"HKG","China, Hong Kong Special Administrative Region","Eastern Asia",NA,"Import quantity","Pulses","t","Balance",2016,11000
"HKG","China, Hong Kong Special Administrative Region","Eastern Asia",NA,"Import quantity","Pulses","t","Balance",2017,10000
"HKG","China, Hong Kong Special Administrative Region","Eastern Asia",NA,"Import quantity","Pulses","t","Balance",2018,12000
"HKG","China, Hong Kong Special Administrative Region","Eastern Asia",NA,"Import quantity","Pulses","t","Balance",2019,12000
"HKG","China, Hong Kong Special Administrative Region","Eastern Asia",NA,"Import quantity","Pulses","t","Balance",2020,14000
"HKG","China, Hong Kong Special Administrative Region","Eastern Asia",NA,"Import quantity","Pulses","t","Balance",2021,13000
"HKG","China, Hong Kong Special Administrative Region","Eastern Asia",NA,"Import quantity","Pulses","t","Balance",2022,15000
"HKG","China, Hong Kong Special Administrative Region","Eastern Asia",NA,"Import quantity","Pulses","t","Balance",2023,18000
"HKG","China, Hong Kong Special Administrative Region","Eastern Asia",NA,"Import quantity","Starchy roots","t","Balance",2010,360000
"HKG","China, Hong Kong Special Administrative Region","Eastern Asia",NA,"Import quantity","Starchy roots","t","Balance",2011,265000
"HKG","China, Hong Kong Special Administrative Region","Eastern Asia",NA,"Import quantity","Starchy roots","t","Balance",2012,280000
"HKG","China, Hong Kong Special Administrative Region","Eastern Asia",NA,"Import quantity","Starchy roots","t","Balance",2013,277000
"HKG","China, Hong Kong Special Administrative Region","Eastern Asia",NA,"Import quantity","Starchy roots","t","Balance",2014,278000
"HKG","China, Hong Kong Special Administrative Region","Eastern Asia",NA,"Import quantity","Starchy roots","t","Balance",2015,313000
"HKG","China, Hong Kong Special Administrative Region","Eastern Asia",NA,"Import quantity","Starchy roots","t","Balance",2016,221000
"HKG","China, Hong Kong Special Administrative Region","Eastern Asia",NA,"Import quantity","Starchy roots","t","Balance",2017,264000
"HKG","China, Hong Kong Special Administrative Region","Eastern Asia",NA,"Import quantity","Starchy roots","t","Balance",2018,271000
"HKG","China, Hong Kong Special Administrative Region","Eastern Asia",NA,"Import quantity","Starchy roots","t","Balance",2019,237000
"HKG","China, Hong Kong Special Administrative Region","Eastern Asia",NA,"Import quantity","Starchy roots","t","Balance",2020,182000
"HKG","China, Hong Kong Special Administrative Region","Eastern Asia",NA,"Import quantity","Starchy roots","t","Balance",2021,218000
"HKG","China, Hong Kong Special Administrative Region","Eastern Asia",NA,"Import quantity","Starchy roots","t","Balance",2022,232000
"HKG","China, Hong Kong Special Administrative Region","Eastern Asia",NA,"Import quantity","Starchy roots","t","Balance",2023,246000
"HKG","China, Hong Kong Special Administrative Region","Eastern Asia",NA,"Import quantity","Sugar","t","Balance",2010,494000
"HKG","China, Hong Kong Special Administrative Region","Eastern Asia",NA,"Import quantity","Sugar","t","Balance",2011,506000
"HKG","China, Hong Kong Special Administrative Region","Eastern Asia",NA,"Import quantity","Sugar","t","Balance",2012,503000
"HKG","China, Hong Kong Special Administrative Region","Eastern Asia",NA,"Import quantity","Sugar","t","Balance",2013,498000
"HKG","China, Hong Kong Special Administrative Region","Eastern Asia",NA,"Import quantity","Sugar","t","Balance",2014,551000
"HKG","China, Hong Kong Special Administrative Region","Eastern Asia",NA,"Import quantity","Sugar","t","Balance",2015,551000
"HKG","China, Hong Kong Special Administrative Region","Eastern Asia",NA,"Import quantity","Sugar","t","Balance",2016,521000
"HKG","China, Hong Kong Special Administrative Region","Eastern Asia",NA,"Import quantity","Sugar","t","Balance",2017,546000
"HKG","China, Hong Kong Special Administrative Region","Eastern Asia",NA,"Import quantity","Sugar","t","Balance",2018,506000
"HKG","China, Hong Kong Special Administrative Region","Eastern Asia",NA,"Import quantity","Sugar","t","Balance",2019,590000
"HKG","China, Hong Kong Special Administrative Region","Eastern Asia",NA,"Import quantity","Sugar","t","Balance",2020,501000
"HKG","China, Hong Kong Special Administrative Region","Eastern Asia",NA,"Import quantity","Sugar","t","Balance",2021,514000
"HKG","China, Hong Kong Special Administrative Region","Eastern Asia",NA,"Import quantity","Sugar","t","Balance",2022,510000
"HKG","China, Hong Kong Special Administrative Region","Eastern Asia",NA,"Import quantity","Sugar","t","Balance",2023,531000
"HKG","China, Hong Kong Special Administrative Region","Eastern Asia",NA,"Losses","Beverages and other","t","Balance",2010,2000
"HKG","China, Hong Kong Special Administrative Region","Eastern Asia",NA,"Losses","Beverages and other","t","Balance",2011,2000
"HKG","China, Hong Kong Special Administrative Region","Eastern Asia",NA,"Losses","Beverages and other","t","Balance",2012,3000
"HKG","China, Hong Kong Special Administrative Region","Eastern Asia",NA,"Losses","Beverages and other","t","Balance",2013,2000
"HKG","China, Hong Kong Special Administrative Region","Eastern Asia",NA,"Losses","Beverages and other","t","Balance",2014,3000
"HKG","China, Hong Kong Special Administrative Region","Eastern Asia",NA,"Losses","Beverages and other","t","Balance",2015,3000
"HKG","China, Hong Kong Special Administrative Region","Eastern Asia",NA,"Losses","Beverages and other","t","Balance",2016,3000
"HKG","China, Hong Kong Special Administrative Region","Eastern Asia",NA,"Losses","Beverages and other","t","Balance",2017,3000
"HKG","China, Hong Kong Special Administrative Region","Eastern Asia",NA,"Losses","Beverages and other","t","Balance",2018,2000
"HKG","China, Hong Kong Special Administrative Region","Eastern Asia",NA,"Losses","Beverages and other","t","Balance",2019,1000
"HKG","China, Hong Kong Special Administrative Region","Eastern Asia",NA,"Losses","Beverages and other","t","Balance",2020,1000
"HKG","China, Hong Kong Special Administrative Region","Eastern Asia",NA,"Losses","Beverages and other","t","Balance",2021,1000
"HKG","China, Hong Kong Special Administrative Region","Eastern Asia",NA,"Losses","Beverages and other","t","Balance",2022,0
"HKG","China, Hong Kong Special Administrative Region","Eastern Asia",NA,"Losses","Beverages and other","t","Balance",2023,0
"HKG","China, Hong Kong Special Administrative Region","Eastern Asia",NA,"Losses","Cereals","t","Balance",2010,3000
"HKG","China, Hong Kong Special Administrative Region","Eastern Asia",NA,"Losses","Cereals","t","Balance",2011,3000
"HKG","China, Hong Kong Special Administrative Region","Eastern Asia",NA,"Losses","Cereals","t","Balance",2012,2000
"HKG","China, Hong Kong Special Administrative Region","Eastern Asia",NA,"Losses","Cereals","t","Balance",2013,2000
"HKG","China, Hong Kong Special Administrative Region","Eastern Asia",NA,"Losses","Cereals","t","Balance",2014,2000
"HKG","China, Hong Kong Special Administrative Region","Eastern Asia",NA,"Losses","Cereals","t","Balance",2015,1000
"HKG","China, Hong Kong Special Administrative Region","Eastern Asia",NA,"Losses","Cereals","t","Balance",2016,2000
"HKG","China, Hong Kong Special Administrative Region","Eastern Asia",NA,"Losses","Cereals","t","Balance",2017,2000
"HKG","China, Hong Kong Special Administrative Region","Eastern Asia",NA,"Losses","Cereals","t","Balance",2018,2000
"HKG","China, Hong Kong Special Administrative Region","Eastern Asia",NA,"Losses","Cereals","t","Balance",2019,2000
"HKG","China, Hong Kong Special Administrative Region","Eastern Asia",NA,"Losses","Cereals","t","Balance",2020,2000
"HKG","China, Hong Kong Special Administrative Region","Eastern Asia",NA,"Losses","Cereals","t","Balance",2021,2000
"HKG","China, Hong Kong Special Administrative Region","Eastern Asia",NA,"Losses","Cereals","t","Balance",2022,2000
"HKG","China, Hong Kong Special Administrative Region","Eastern Asia",NA,"Losses","Cereals","t","Balance",2023,1000
"HKG","China, Hong Kong Special Administrative Region","Eastern Asia",NA,"Losses","Dairy and eggs (excl. butter)","t","Balance",2010,0
"HKG","China, Hong Kong Special Administrative Region","Eastern Asia",NA,"Losses","Dairy and eggs (excl. butter)","t","Balance",2011,0
"HKG","China, Hong Kong Special Administrative Region","Eastern Asia",NA,"Losses","Dairy and eggs (excl. butter)","t","Balance",2012,2000
"HKG","China, Hong Kong Special Administrative Region","Eastern Asia",NA,"Losses","Dairy and eggs (excl. butter)","t","Balance",2013,2000
"HKG","China, Hong Kong Special Administrative Region","Eastern Asia",NA,"Losses","Dairy and eggs (excl. butter)","t","Balance",2014,0
"HKG","China, Hong Kong Special Administrative Region","Eastern Asia",NA,"Losses","Dairy and eggs (excl. butter)","t","Balance",2015,0
"HKG","China, Hong Kong Special Administrative Region","Eastern Asia",NA,"Losses","Dairy and eggs (excl. butter)","t","Balance",2016,2000
"HKG","China, Hong Kong Special Administrative Region","Eastern Asia",NA,"Losses","Dairy and eggs (excl. butter)","t","Balance",2017,0
"HKG","China, Hong Kong Special Administrative Region","Eastern Asia",NA,"Losses","Dairy and eggs (excl. butter)","t","Balance",2018,2000
"HKG","China, Hong Kong Special Administrative Region","Eastern Asia",NA,"Losses","Dairy and eggs (excl. butter)","t","Balance",2019,0
"HKG","China, Hong Kong Special Administrative Region","Eastern Asia",NA,"Losses","Dairy and eggs (excl. butter)","t","Balance",2020,0
"HKG","China, Hong Kong Special Administrative Region","Eastern Asia",NA,"Losses","Dairy and eggs (excl. butter)","t","Balance",2021,0
"HKG","China, Hong Kong Special Administrative Region","Eastern Asia",NA,"Losses","Dairy and eggs (excl. butter)","t","Balance",2022,0
"HKG","China, Hong Kong Special Administrative Region","Eastern Asia",NA,"Losses","Dairy and eggs (excl. butter)","t","Balance",2023,0
"HKG","China, Hong Kong Special Administrative Region","Eastern Asia",NA,"Losses","Fats and oils","t","Balance",2010,2000
"HKG","China, Hong Kong Special Administrative Region","Eastern Asia",NA,"Losses","Fats and oils","t","Balance",2011,2000
"HKG","China, Hong Kong Special Administrative Region","Eastern Asia",NA,"Losses","Fats and oils","t","Balance",2012,2000
"HKG","China, Hong Kong Special Administrative Region","Eastern Asia",NA,"Losses","Fats and oils","t","Balance",2013,2000
"HKG","China, Hong Kong Special Administrative Region","Eastern Asia",NA,"Losses","Fats and oils","t","Balance",2014,2000
"HKG","China, Hong Kong Special Administrative Region","Eastern Asia",NA,"Losses","Fats and oils","t","Balance",2015,2000
"HKG","China, Hong Kong Special Administrative Region","Eastern Asia",NA,"Losses","Fats and oils","t","Balance",2016,2000
"HKG","China, Hong Kong Special Administrative Region","Eastern Asia",NA,"Losses","Fats and oils","t","Balance",2017,2000
"HKG","China, Hong Kong Special Administrative Region","Eastern Asia",NA,"Losses","Fats and oils","t","Balance",2018,1000
"HKG","China, Hong Kong Special Administrative Region","Eastern Asia",NA,"Losses","Fats and oils","t","Balance",2019,1000
"HKG","China, Hong Kong Special Administrative Region","Eastern Asia",NA,"Losses","Fats and oils","t","Balance",2020,1000
"HKG","China, Hong Kong Special Administrative Region","Eastern Asia",NA,"Losses","Fats and oils","t","Balance",2021,1000
"HKG","China, Hong Kong Special Administrative Region","Eastern Asia",NA,"Losses","Fats and oils","t","Balance",2022,1000
"HKG","China, Hong Kong Special Administrative Region","Eastern Asia",NA,"Losses","Fats and oils","t","Balance",2023,1000
"HKG","China, Hong Kong Special Administrative Region","Eastern Asia",NA,"Losses","Fruits and vegetables","t","Balance",2010,148000
"HKG","China, Hong Kong Special Administrative Region","Eastern Asia",NA,"Losses","Fruits and vegetables","t","Balance",2011,172000
"HKG","China, Hong Kong Special Administrative Region","Eastern Asia",NA,"Losses","Fruits and vegetables","t","Balance",2012,182000
"HKG","China, Hong Kong Special Administrative Region","Eastern Asia",NA,"Losses","Fruits and vegetables","t","Balance",2013,175000
"HKG","China, Hong Kong Special Administrative Region","Eastern Asia",NA,"Losses","Fruits and vegetables","t","Balance",2014,173000
"HKG","China, Hong Kong Special Administrative Region","Eastern Asia",NA,"Losses","Fruits and vegetables","t","Balance",2015,179000
"HKG","China, Hong Kong Special Administrative Region","Eastern Asia",NA,"Losses","Fruits and vegetables","t","Balance",2016,183000
"HKG","China, Hong Kong Special Administrative Region","Eastern Asia",NA,"Losses","Fruits and vegetables","t","Balance",2017,193000
"HKG","China, Hong Kong Special Administrative Region","Eastern Asia",NA,"Losses","Fruits and vegetables","t","Balance",2018,190000
"HKG","China, Hong Kong Special Administrative Region","Eastern Asia",NA,"Losses","Fruits and vegetables","t","Balance",2019,202000
"HKG","China, Hong Kong Special Administrative Region","Eastern Asia",NA,"Losses","Fruits and vegetables","t","Balance",2020,202000
"HKG","China, Hong Kong Special Administrative Region","Eastern Asia",NA,"Losses","Fruits and vegetables","t","Balance",2021,201000
"HKG","China, Hong Kong Special Administrative Region","Eastern Asia",NA,"Losses","Fruits and vegetables","t","Balance",2022,152000
"HKG","China, Hong Kong Special Administrative Region","Eastern Asia",NA,"Losses","Fruits and vegetables","t","Balance",2023,158000
"HKG","China, Hong Kong Special Administrative Region","Eastern Asia",NA,"Losses","Meat","t","Balance",2010,1000
"HKG","China, Hong Kong Special Administrative Region","Eastern Asia",NA,"Losses","Meat","t","Balance",2011,1000
"HKG","China, Hong Kong Special Administrative Region","Eastern Asia",NA,"Losses","Meat","t","Balance",2012,1000
"HKG","China, Hong Kong Special Administrative Region","Eastern Asia",NA,"Losses","Meat","t","Balance",2013,1000
"HKG","China, Hong Kong Special Administrative Region","Eastern Asia",NA,"Losses","Meat","t","Balance",2014,1000
"HKG","China, Hong Kong Special Administrative Region","Eastern Asia",NA,"Losses","Meat","t","Balance",2015,1000
"HKG","China, Hong Kong Special Administrative Region","Eastern Asia",NA,"Losses","Meat","t","Balance",2016,1000
"HKG","China, Hong Kong Special Administrative Region","Eastern Asia",NA,"Losses","Meat","t","Balance",2017,1000
"HKG","China, Hong Kong Special Administrative Region","Eastern Asia",NA,"Losses","Meat","t","Balance",2018,0
"HKG","China, Hong Kong Special Administrative Region","Eastern Asia",NA,"Losses","Meat","t","Balance",2019,1000
"HKG","China, Hong Kong Special Administrative Region","Eastern Asia",NA,"Losses","Meat","t","Balance",2020,1000
"HKG","China, Hong Kong Special Administrative Region","Eastern Asia",NA,"Losses","Meat","t","Balance",2021,0
"HKG","China, Hong Kong Special Administrative Region","Eastern Asia",NA,"Losses","Meat","t","Balance",2022,0
"HKG","China, Hong Kong Special Administrative Region","Eastern Asia",NA,"Losses","Meat","t","Balance",2023,0
"HKG","China, Hong Kong Special Administrative Region","Eastern Asia",NA,"Losses","Starchy roots","t","Balance",2010,1000
"HKG","China, Hong Kong Special Administrative Region","Eastern Asia",NA,"Losses","Starchy roots","t","Balance",2011,1000
"HKG","China, Hong Kong Special Administrative Region","Eastern Asia",NA,"Losses","Starchy roots","t","Balance",2012,1000
"HKG","China, Hong Kong Special Administrative Region","Eastern Asia",NA,"Losses","Starchy roots","t","Balance",2013,1000
"HKG","China, Hong Kong Special Administrative Region","Eastern Asia",NA,"Losses","Starchy roots","t","Balance",2014,1000
"HKG","China, Hong Kong Special Administrative Region","Eastern Asia",NA,"Losses","Starchy roots","t","Balance",2015,1000
"HKG","China, Hong Kong Special Administrative Region","Eastern Asia",NA,"Losses","Starchy roots","t","Balance",2016,1000
"HKG","China, Hong Kong Special Administrative Region","Eastern Asia",NA,"Losses","Starchy roots","t","Balance",2017,1000
"HKG","China, Hong Kong Special Administrative Region","Eastern Asia",NA,"Losses","Starchy roots","t","Balance",2018,2000
"HKG","China, Hong Kong Special Administrative Region","Eastern Asia",NA,"Losses","Starchy roots","t","Balance",2019,2000
"HKG","China, Hong Kong Special Administrative Region","Eastern Asia",NA,"Losses","Starchy roots","t","Balance",2020,1000
"HKG","China, Hong Kong Special Administrative Region","Eastern Asia",NA,"Losses","Starchy roots","t","Balance",2021,1000
"HKG","China, Hong Kong Special Administrative Region","Eastern Asia",NA,"Losses","Starchy roots","t","Balance",2022,4000
"HKG","China, Hong Kong Special Administrative Region","Eastern Asia",NA,"Losses","Starchy roots","t","Balance",2023,3000
"HKG","China, Hong Kong Special Administrative Region","Eastern Asia",NA,"Losses","Sugar","t","Balance",2010,1000
"HKG","China, Hong Kong Special Administrative Region","Eastern Asia",NA,"Losses","Sugar","t","Balance",2011,1000
"HKG","China, Hong Kong Special Administrative Region","Eastern Asia",NA,"Losses","Sugar","t","Balance",2012,1000
"HKG","China, Hong Kong Special Administrative Region","Eastern Asia",NA,"Losses","Sugar","t","Balance",2013,1000
"HKG","China, Hong Kong Special Administrative Region","Eastern Asia",NA,"Losses","Sugar","t","Balance",2014,1000
"HKG","China, Hong Kong Special Administrative Region","Eastern Asia",NA,"Losses","Sugar","t","Balance",2015,1000
"HKG","China, Hong Kong Special Administrative Region","Eastern Asia",NA,"Losses","Sugar","t","Balance",2016,0
"HKG","China, Hong Kong Special Administrative Region","Eastern Asia",NA,"Losses","Sugar","t","Balance",2017,0
"HKG","China, Hong Kong Special Administrative Region","Eastern Asia",NA,"Losses","Sugar","t","Balance",2018,0
"HKG","China, Hong Kong Special Administrative Region","Eastern Asia",NA,"Losses","Sugar","t","Balance",2019,0
"HKG","China, Hong Kong Special Administrative Region","Eastern Asia",NA,"Losses","Sugar","t","Balance",2020,0
"HKG","China, Hong Kong Special Administrative Region","Eastern Asia",NA,"Losses","Sugar","t","Balance",2021,0
"HKG","China, Hong Kong Special Administrative Region","Eastern Asia",NA,"Losses","Sugar","t","Balance",2022,0
"HKG","China, Hong Kong Special Administrative Region","Eastern Asia",NA,"Losses","Sugar","t","Balance",2023,0
"HKG","China, Hong Kong Special Administrative Region","Eastern Asia",NA,"Other uses (non-food)","Beverages and other","t","Balance",2010,1000
"HKG","China, Hong Kong Special Administrative Region","Eastern Asia",NA,"Other uses (non-food)","Beverages and other","t","Balance",2011,1000
"HKG","China, Hong Kong Special Administrative Region","Eastern Asia",NA,"Other uses (non-food)","Beverages and other","t","Balance",2012,1000
"HKG","China, Hong Kong Special Administrative Region","Eastern Asia",NA,"Other uses (non-food)","Beverages and other","t","Balance",2013,1000
"HKG","China, Hong Kong Special Administrative Region","Eastern Asia",NA,"Other uses (non-food)","Beverages and other","t","Balance",2014,1000
"HKG","China, Hong Kong Special Administrative Region","Eastern Asia",NA,"Other uses (non-food)","Beverages and other","t","Balance",2015,1000
"HKG","China, Hong Kong Special Administrative Region","Eastern Asia",NA,"Other uses (non-food)","Beverages and other","t","Balance",2016,1000
"HKG","China, Hong Kong Special Administrative Region","Eastern Asia",NA,"Other uses (non-food)","Beverages and other","t","Balance",2017,1000
"HKG","China, Hong Kong Special Administrative Region","Eastern Asia",NA,"Other uses (non-food)","Beverages and other","t","Balance",2018,1000
"HKG","China, Hong Kong Special Administrative Region","Eastern Asia",NA,"Other uses (non-food)","Beverages and other","t","Balance",2019,1000
"HKG","China, Hong Kong Special Administrative Region","Eastern Asia",NA,"Other uses (non-food)","Beverages and other","t","Balance",2020,1000
"HKG","China, Hong Kong Special Administrative Region","Eastern Asia",NA,"Other uses (non-food)","Beverages and other","t","Balance",2021,1000
"HKG","China, Hong Kong Special Administrative Region","Eastern Asia",NA,"Other uses (non-food)","Beverages and other","t","Balance",2022,1000
"HKG","China, Hong Kong Special Administrative Region","Eastern Asia",NA,"Other uses (non-food)","Beverages and other","t","Balance",2023,1000
"HKG","China, Hong Kong Special Administrative Region","Eastern Asia",NA,"Other uses (non-food)","Cereals","t","Balance",2010,6000
"HKG","China, Hong Kong Special Administrative Region","Eastern Asia",NA,"Other uses (non-food)","Cereals","t","Balance",2011,6000
"HKG","China, Hong Kong Special Administrative Region","Eastern Asia",NA,"Other uses (non-food)","Cereals","t","Balance",2012,4000
"HKG","China, Hong Kong Special Administrative Region","Eastern Asia",NA,"Other uses (non-food)","Cereals","t","Balance",2013,4000
"HKG","China, Hong Kong Special Administrative Region","Eastern Asia",NA,"Other uses (non-food)","Cereals","t","Balance",2014,6000
"HKG","China, Hong Kong Special Administrative Region","Eastern Asia",NA,"Other uses (non-food)","Cereals","t","Balance",2015,5000
"HKG","China, Hong Kong Special Administrative Region","Eastern Asia",NA,"Other uses (non-food)","Cereals","t","Balance",2016,7000
"HKG","China, Hong Kong Special Administrative Region","Eastern Asia",NA,"Other uses (non-food)","Cereals","t","Balance",2017,7000
"HKG","China, Hong Kong Special Administrative Region","Eastern Asia",NA,"Other uses (non-food)","Cereals","t","Balance",2018,6000
"HKG","China, Hong Kong Special Administrative Region","Eastern Asia",NA,"Other uses (non-food)","Cereals","t","Balance",2019,7000
"HKG","China, Hong Kong Special Administrative Region","Eastern Asia",NA,"Other uses (non-food)","Cereals","t","Balance",2020,6000
"HKG","China, Hong Kong Special Administrative Region","Eastern Asia",NA,"Other uses (non-food)","Cereals","t","Balance",2021,6000
"HKG","China, Hong Kong Special Administrative Region","Eastern Asia",NA,"Other uses (non-food)","Cereals","t","Balance",2022,8000
"HKG","China, Hong Kong Special Administrative Region","Eastern Asia",NA,"Other uses (non-food)","Cereals","t","Balance",2023,10000
"HKG","China, Hong Kong Special Administrative Region","Eastern Asia",NA,"Other uses (non-food)","Dairy and eggs (excl. butter)","t","Balance",2010,0
"HKG","China, Hong Kong Special Administrative Region","Eastern Asia",NA,"Other uses (non-food)","Dairy and eggs (excl. butter)","t","Balance",2011,0
"HKG","China, Hong Kong Special Administrative Region","Eastern Asia",NA,"Other uses (non-food)","Dairy and eggs (excl. butter)","t","Balance",2012,0
"HKG","China, Hong Kong Special Administrative Region","Eastern Asia",NA,"Other uses (non-food)","Dairy and eggs (excl. butter)","t","Balance",2013,0
"HKG","China, Hong Kong Special Administrative Region","Eastern Asia",NA,"Other uses (non-food)","Dairy and eggs (excl. butter)","t","Balance",2014,0
"HKG","China, Hong Kong Special Administrative Region","Eastern Asia",NA,"Other uses (non-food)","Dairy and eggs (excl. butter)","t","Balance",2015,0
"HKG","China, Hong Kong Special Administrative Region","Eastern Asia",NA,"Other uses (non-food)","Dairy and eggs (excl. butter)","t","Balance",2016,0
"HKG","China, Hong Kong Special Administrative Region","Eastern Asia",NA,"Other uses (non-food)","Dairy and eggs (excl. butter)","t","Balance",2017,0
"HKG","China, Hong Kong Special Administrative Region","Eastern Asia",NA,"Other uses (non-food)","Dairy and eggs (excl. butter)","t","Balance",2018,0
"HKG","China, Hong Kong Special Administrative Region","Eastern Asia",NA,"Other uses (non-food)","Dairy and eggs (excl. butter)","t","Balance",2019,0
"HKG","China, Hong Kong Special Administrative Region","Eastern Asia",NA,"Other uses (non-food)","Dairy and eggs (excl. butter)","t","Balance",2020,0
"HKG","China, Hong Kong Special Administrative Region","Eastern Asia",NA,"Other uses (non-food)","Dairy and eggs (excl. butter)","t","Balance",2021,0
"HKG","China, Hong Kong Special Administrative Region","Eastern Asia",NA,"Other uses (non-food)","Dairy and eggs (excl. butter)","t","Balance",2022,0
"HKG","China, Hong Kong Special Administrative Region","Eastern Asia",NA,"Other uses (non-food)","Dairy and eggs (excl. butter)","t","Balance",2023,0
"HKG","China, Hong Kong Special Administrative Region","Eastern Asia",NA,"Other uses (non-food)","Fats and oils","t","Balance",2010,41000
"HKG","China, Hong Kong Special Administrative Region","Eastern Asia",NA,"Other uses (non-food)","Fats and oils","t","Balance",2011,20000
"HKG","China, Hong Kong Special Administrative Region","Eastern Asia",NA,"Other uses (non-food)","Fats and oils","t","Balance",2012,30000
"HKG","China, Hong Kong Special Administrative Region","Eastern Asia",NA,"Other uses (non-food)","Fats and oils","t","Balance",2013,29000
"HKG","China, Hong Kong Special Administrative Region","Eastern Asia",NA,"Other uses (non-food)","Fats and oils","t","Balance",2014,31000
"HKG","China, Hong Kong Special Administrative Region","Eastern Asia",NA,"Other uses (non-food)","Fats and oils","t","Balance",2015,42000
"HKG","China, Hong Kong Special Administrative Region","Eastern Asia",NA,"Other uses (non-food)","Fats and oils","t","Balance",2016,51000
"HKG","China, Hong Kong Special Administrative Region","Eastern Asia",NA,"Other uses (non-food)","Fats and oils","t","Balance",2017,63000
"HKG","China, Hong Kong Special Administrative Region","Eastern Asia",NA,"Other uses (non-food)","Fats and oils","t","Balance",2018,56000
"HKG","China, Hong Kong Special Administrative Region","Eastern Asia",NA,"Other uses (non-food)","Fats and oils","t","Balance",2019,72000
"HKG","China, Hong Kong Special Administrative Region","Eastern Asia",NA,"Other uses (non-food)","Fats and oils","t","Balance",2020,33000
"HKG","China, Hong Kong Special Administrative Region","Eastern Asia",NA,"Other uses (non-food)","Fats and oils","t","Balance",2021,39000
"HKG","China, Hong Kong Special Administrative Region","Eastern Asia",NA,"Other uses (non-food)","Fats and oils","t","Balance",2022,27000
"HKG","China, Hong Kong Special Administrative Region","Eastern Asia",NA,"Other uses (non-food)","Fats and oils","t","Balance",2023,35000
"HKG","China, Hong Kong Special Administrative Region","Eastern Asia",NA,"Other uses (non-food)","Fish and seafood","t","Balance",2010,1000
"HKG","China, Hong Kong Special Administrative Region","Eastern Asia",NA,"Other uses (non-food)","Fish and seafood","t","Balance",2011,1000
"HKG","China, Hong Kong Special Administrative Region","Eastern Asia",NA,"Other uses (non-food)","Fish and seafood","t","Balance",2012,1000
"HKG","China, Hong Kong Special Administrative Region","Eastern Asia",NA,"Other uses (non-food)","Fish and seafood","t","Balance",2013,1000
"HKG","China, Hong Kong Special Administrative Region","Eastern Asia",NA,"Other uses (non-food)","Fish and seafood","t","Balance",2014,1000
"HKG","China, Hong Kong Special Administrative Region","Eastern Asia",NA,"Other uses (non-food)","Fish and seafood","t","Balance",2015,2000
"HKG","China, Hong Kong Special Administrative Region","Eastern Asia",NA,"Other uses (non-food)","Fish and seafood","t","Balance",2016,1000
"HKG","China, Hong Kong Special Administrative Region","Eastern Asia",NA,"Other uses (non-food)","Fish and seafood","t","Balance",2017,1000
"HKG","China, Hong Kong Special Administrative Region","Eastern Asia",NA,"Other uses (non-food)","Fish and seafood","t","Balance",2018,1000
"HKG","China, Hong Kong Special Administrative Region","Eastern Asia",NA,"Other uses (non-food)","Fish and seafood","t","Balance",2019,1000
"HKG","China, Hong Kong Special Administrative Region","Eastern Asia",NA,"Other uses (non-food)","Fish and seafood","t","Balance",2020,1000
"HKG","China, Hong Kong Special Administrative Region","Eastern Asia",NA,"Other uses (non-food)","Fish and seafood","t","Balance",2021,1000
"HKG","China, Hong Kong Special Administrative Region","Eastern Asia",NA,"Other uses (non-food)","Fish and seafood","t","Balance",2022,1000
"HKG","China, Hong Kong Special Administrative Region","Eastern Asia",NA,"Other uses (non-food)","Fish and seafood","t","Balance",2023,1000
"HKG","China, Hong Kong Special Administrative Region","Eastern Asia",NA,"Other uses (non-food)","Fruits and vegetables","t","Balance",2010,0
"HKG","China, Hong Kong Special Administrative Region","Eastern Asia",NA,"Other uses (non-food)","Fruits and vegetables","t","Balance",2011,0
"HKG","China, Hong Kong Special Administrative Region","Eastern Asia",NA,"Other uses (non-food)","Fruits and vegetables","t","Balance",2012,0
"HKG","China, Hong Kong Special Administrative Region","Eastern Asia",NA,"Other uses (non-food)","Fruits and vegetables","t","Balance",2013,0
"HKG","China, Hong Kong Special Administrative Region","Eastern Asia",NA,"Other uses (non-food)","Fruits and vegetables","t","Balance",2014,0
"HKG","China, Hong Kong Special Administrative Region","Eastern Asia",NA,"Other uses (non-food)","Fruits and vegetables","t","Balance",2015,0
"HKG","China, Hong Kong Special Administrative Region","Eastern Asia",NA,"Other uses (non-food)","Fruits and vegetables","t","Balance",2016,0
"HKG","China, Hong Kong Special Administrative Region","Eastern Asia",NA,"Other uses (non-food)","Fruits and vegetables","t","Balance",2017,0
"HKG","China, Hong Kong Special Administrative Region","Eastern Asia",NA,"Other uses (non-food)","Fruits and vegetables","t","Balance",2018,0
"HKG","China, Hong Kong Special Administrative Region","Eastern Asia",NA,"Other uses (non-food)","Fruits and vegetables","t","Balance",2019,0
"HKG","China, Hong Kong Special Administrative Region","Eastern Asia",NA,"Other uses (non-food)","Fruits and vegetables","t","Balance",2020,0
"HKG","China, Hong Kong Special Administrative Region","Eastern Asia",NA,"Other uses (non-food)","Fruits and vegetables","t","Balance",2021,0
"HKG","China, Hong Kong Special Administrative Region","Eastern Asia",NA,"Other uses (non-food)","Fruits and vegetables","t","Balance",2022,0
"HKG","China, Hong Kong Special Administrative Region","Eastern Asia",NA,"Other uses (non-food)","Fruits and vegetables","t","Balance",2023,0
"HKG","China, Hong Kong Special Administrative Region","Eastern Asia",NA,"Other uses (non-food)","Meat","t","Balance",2010,0
"HKG","China, Hong Kong Special Administrative Region","Eastern Asia",NA,"Other uses (non-food)","Meat","t","Balance",2011,0
"HKG","China, Hong Kong Special Administrative Region","Eastern Asia",NA,"Other uses (non-food)","Meat","t","Balance",2012,0
"HKG","China, Hong Kong Special Administrative Region","Eastern Asia",NA,"Other uses (non-food)","Meat","t","Balance",2013,0
"HKG","China, Hong Kong Special Administrative Region","Eastern Asia",NA,"Other uses (non-food)","Meat","t","Balance",2014,0
"HKG","China, Hong Kong Special Administrative Region","Eastern Asia",NA,"Other uses (non-food)","Meat","t","Balance",2015,0
"HKG","China, Hong Kong Special Administrative Region","Eastern Asia",NA,"Other uses (non-food)","Meat","t","Balance",2016,0
"HKG","China, Hong Kong Special Administrative Region","Eastern Asia",NA,"Other uses (non-food)","Meat","t","Balance",2017,0
"HKG","China, Hong Kong Special Administrative Region","Eastern Asia",NA,"Other uses (non-food)","Meat","t","Balance",2018,0
"HKG","China, Hong Kong Special Administrative Region","Eastern Asia",NA,"Other uses (non-food)","Meat","t","Balance",2019,0
"HKG","China, Hong Kong Special Administrative Region","Eastern Asia",NA,"Other uses (non-food)","Meat","t","Balance",2020,0
"HKG","China, Hong Kong Special Administrative Region","Eastern Asia",NA,"Other uses (non-food)","Meat","t","Balance",2021,0
"HKG","China, Hong Kong Special Administrative Region","Eastern Asia",NA,"Other uses (non-food)","Meat","t","Balance",2022,0
"HKG","China, Hong Kong Special Administrative Region","Eastern Asia",NA,"Other uses (non-food)","Meat","t","Balance",2023,0
"HKG","China, Hong Kong Special Administrative Region","Eastern Asia",NA,"Other uses (non-food)","Starchy roots","t","Balance",2010,19000
"HKG","China, Hong Kong Special Administrative Region","Eastern Asia",NA,"Other uses (non-food)","Starchy roots","t","Balance",2011,11000
"HKG","China, Hong Kong Special Administrative Region","Eastern Asia",NA,"Other uses (non-food)","Starchy roots","t","Balance",2012,15000
"HKG","China, Hong Kong Special Administrative Region","Eastern Asia",NA,"Other uses (non-food)","Starchy roots","t","Balance",2013,14000
"HKG","China, Hong Kong Special Administrative Region","Eastern Asia",NA,"Other uses (non-food)","Starchy roots","t","Balance",2014,0
"HKG","China, Hong Kong Special Administrative Region","Eastern Asia",NA,"Other uses (non-food)","Starchy roots","t","Balance",2015,0
"HKG","China, Hong Kong Special Administrative Region","Eastern Asia",NA,"Other uses (non-food)","Starchy roots","t","Balance",2016,0
"HKG","China, Hong Kong Special Administrative Region","Eastern Asia",NA,"Other uses (non-food)","Starchy roots","t","Balance",2017,26000
"HKG","China, Hong Kong Special Administrative Region","Eastern Asia",NA,"Other uses (non-food)","Starchy roots","t","Balance",2018,22000
"HKG","China, Hong Kong Special Administrative Region","Eastern Asia",NA,"Other uses (non-food)","Starchy roots","t","Balance",2019,12000
"HKG","China, Hong Kong Special Administrative Region","Eastern Asia",NA,"Other uses (non-food)","Starchy roots","t","Balance",2020,10000
"HKG","China, Hong Kong Special Administrative Region","Eastern Asia",NA,"Other uses (non-food)","Starchy roots","t","Balance",2021,12000
"HKG","China, Hong Kong Special Administrative Region","Eastern Asia",NA,"Other uses (non-food)","Starchy roots","t","Balance",2022,9000
"HKG","China, Hong Kong Special Administrative Region","Eastern Asia",NA,"Other uses (non-food)","Starchy roots","t","Balance",2023,12000
"HKG","China, Hong Kong Special Administrative Region","Eastern Asia",NA,"Other uses (non-food)","Sugar","t","Balance",2010,0
"HKG","China, Hong Kong Special Administrative Region","Eastern Asia",NA,"Other uses (non-food)","Sugar","t","Balance",2011,0
"HKG","China, Hong Kong Special Administrative Region","Eastern Asia",NA,"Other uses (non-food)","Sugar","t","Balance",2012,0
"HKG","China, Hong Kong Special Administrative Region","Eastern Asia",NA,"Other uses (non-food)","Sugar","t","Balance",2013,0
"HKG","China, Hong Kong Special Administrative Region","Eastern Asia",NA,"Other uses (non-food)","Sugar","t","Balance",2014,0
"HKG","China, Hong Kong Special Administrative Region","Eastern Asia",NA,"Other uses (non-food)","Sugar","t","Balance",2015,0
"HKG","China, Hong Kong Special Administrative Region","Eastern Asia",NA,"Other uses (non-food)","Sugar","t","Balance",2016,0
"HKG","China, Hong Kong Special Administrative Region","Eastern Asia",NA,"Other uses (non-food)","Sugar","t","Balance",2017,0
"HKG","China, Hong Kong Special Administrative Region","Eastern Asia",NA,"Other uses (non-food)","Sugar","t","Balance",2018,0
"HKG","China, Hong Kong Special Administrative Region","Eastern Asia",NA,"Other uses (non-food)","Sugar","t","Balance",2019,0
"HKG","China, Hong Kong Special Administrative Region","Eastern Asia",NA,"Other uses (non-food)","Sugar","t","Balance",2020,0
"HKG","China, Hong Kong Special Administrative Region","Eastern Asia",NA,"Other uses (non-food)","Sugar","t","Balance",2021,0
"HKG","China, Hong Kong Special Administrative Region","Eastern Asia",NA,"Other uses (non-food)","Sugar","t","Balance",2022,0
"HKG","China, Hong Kong Special Administrative Region","Eastern Asia",NA,"Other uses (non-food)","Sugar","t","Balance",2023,0
"HKG","China, Hong Kong Special Administrative Region","Eastern Asia",NA,"Processing","Beverages and other","t","Balance",2010,0
"HKG","China, Hong Kong Special Administrative Region","Eastern Asia",NA,"Processing","Beverages and other","t","Balance",2011,0
"HKG","China, Hong Kong Special Administrative Region","Eastern Asia",NA,"Processing","Beverages and other","t","Balance",2012,0
"HKG","China, Hong Kong Special Administrative Region","Eastern Asia",NA,"Processing","Beverages and other","t","Balance",2013,0
"HKG","China, Hong Kong Special Administrative Region","Eastern Asia",NA,"Processing","Beverages and other","t","Balance",2014,0
"HKG","China, Hong Kong Special Administrative Region","Eastern Asia",NA,"Processing","Beverages and other","t","Balance",2015,0
"HKG","China, Hong Kong Special Administrative Region","Eastern Asia",NA,"Processing","Beverages and other","t","Balance",2016,0
"HKG","China, Hong Kong Special Administrative Region","Eastern Asia",NA,"Processing","Beverages and other","t","Balance",2017,0
"HKG","China, Hong Kong Special Administrative Region","Eastern Asia",NA,"Processing","Beverages and other","t","Balance",2018,0
"HKG","China, Hong Kong Special Administrative Region","Eastern Asia",NA,"Processing","Beverages and other","t","Balance",2019,0
"HKG","China, Hong Kong Special Administrative Region","Eastern Asia",NA,"Processing","Beverages and other","t","Balance",2020,0
"HKG","China, Hong Kong Special Administrative Region","Eastern Asia",NA,"Processing","Beverages and other","t","Balance",2021,0
"HKG","China, Hong Kong Special Administrative Region","Eastern Asia",NA,"Processing","Beverages and other","t","Balance",2022,0
"HKG","China, Hong Kong Special Administrative Region","Eastern Asia",NA,"Processing","Beverages and other","t","Balance",2023,0
"HKG","China, Hong Kong Special Administrative Region","Eastern Asia",NA,"Processing","Cereals","t","Balance",2010,2000
"HKG","China, Hong Kong Special Administrative Region","Eastern Asia",NA,"Processing","Cereals","t","Balance",2011,2000
"HKG","China, Hong Kong Special Administrative Region","Eastern Asia",NA,"Processing","Cereals","t","Balance",2012,2000
"HKG","China, Hong Kong Special Administrative Region","Eastern Asia",NA,"Processing","Cereals","t","Balance",2013,1000
"HKG","China, Hong Kong Special Administrative Region","Eastern Asia",NA,"Processing","Cereals","t","Balance",2014,1000
"HKG","China, Hong Kong Special Administrative Region","Eastern Asia",NA,"Processing","Cereals","t","Balance",2015,1000
"HKG","China, Hong Kong Special Administrative Region","Eastern Asia",NA,"Processing","Cereals","t","Balance",2016,2000
"HKG","China, Hong Kong Special Administrative Region","Eastern Asia",NA,"Processing","Cereals","t","Balance",2017,1000
"HKG","China, Hong Kong Special Administrative Region","Eastern Asia",NA,"Processing","Cereals","t","Balance",2018,1000
"HKG","China, Hong Kong Special Administrative Region","Eastern Asia",NA,"Processing","Cereals","t","Balance",2019,1000
"HKG","China, Hong Kong Special Administrative Region","Eastern Asia",NA,"Processing","Cereals","t","Balance",2020,1000
"HKG","China, Hong Kong Special Administrative Region","Eastern Asia",NA,"Processing","Cereals","t","Balance",2021,1000
"HKG","China, Hong Kong Special Administrative Region","Eastern Asia",NA,"Processing","Cereals","t","Balance",2022,1000
"HKG","China, Hong Kong Special Administrative Region","Eastern Asia",NA,"Processing","Cereals","t","Balance",2023,1000
"HKG","China, Hong Kong Special Administrative Region","Eastern Asia",NA,"Processing","Fats and oils","t","Balance",2010,23000
"HKG","China, Hong Kong Special Administrative Region","Eastern Asia",NA,"Processing","Fats and oils","t","Balance",2011,18000
"HKG","China, Hong Kong Special Administrative Region","Eastern Asia",NA,"Processing","Fats and oils","t","Balance",2012,18000
"HKG","China, Hong Kong Special Administrative Region","Eastern Asia",NA,"Processing","Fats and oils","t","Balance",2013,17000
"HKG","China, Hong Kong Special Administrative Region","Eastern Asia",NA,"Processing","Fats and oils","t","Balance",2014,14000
"HKG","China, Hong Kong Special Administrative Region","Eastern Asia",NA,"Processing","Fats and oils","t","Balance",2015,15000
"HKG","China, Hong Kong Special Administrative Region","Eastern Asia",NA,"Processing","Fats and oils","t","Balance",2016,14000
"HKG","China, Hong Kong Special Administrative Region","Eastern Asia",NA,"Processing","Fats and oils","t","Balance",2017,11000
"HKG","China, Hong Kong Special Administrative Region","Eastern Asia",NA,"Processing","Fats and oils","t","Balance",2018,12000
"HKG","China, Hong Kong Special Administrative Region","Eastern Asia",NA,"Processing","Fats and oils","t","Balance",2019,12000
"HKG","China, Hong Kong Special Administrative Region","Eastern Asia",NA,"Processing","Fats and oils","t","Balance",2020,14000
"HKG","China, Hong Kong Special Administrative Region","Eastern Asia",NA,"Processing","Fats and oils","t","Balance",2021,12000
"HKG","China, Hong Kong Special Administrative Region","Eastern Asia",NA,"Processing","Fats and oils","t","Balance",2022,14000
"HKG","China, Hong Kong Special Administrative Region","Eastern Asia",NA,"Processing","Fats and oils","t","Balance",2023,14000
"HKG","China, Hong Kong Special Administrative Region","Eastern Asia",NA,"Processing","Fruits and vegetables","t","Balance",2010,0
"HKG","China, Hong Kong Special Administrative Region","Eastern Asia",NA,"Processing","Fruits and vegetables","t","Balance",2011,0
"HKG","China, Hong Kong Special Administrative Region","Eastern Asia",NA,"Processing","Fruits and vegetables","t","Balance",2012,0
"HKG","China, Hong Kong Special Administrative Region","Eastern Asia",NA,"Processing","Fruits and vegetables","t","Balance",2013,0
"HKG","China, Hong Kong Special Administrative Region","Eastern Asia",NA,"Processing","Fruits and vegetables","t","Balance",2014,0
"HKG","China, Hong Kong Special Administrative Region","Eastern Asia",NA,"Processing","Fruits and vegetables","t","Balance",2015,0
"HKG","China, Hong Kong Special Administrative Region","Eastern Asia",NA,"Processing","Fruits and vegetables","t","Balance",2016,0
"HKG","China, Hong Kong Special Administrative Region","Eastern Asia",NA,"Processing","Fruits and vegetables","t","Balance",2017,0
"HKG","China, Hong Kong Special Administrative Region","Eastern Asia",NA,"Processing","Fruits and vegetables","t","Balance",2018,0
"HKG","China, Hong Kong Special Administrative Region","Eastern Asia",NA,"Processing","Fruits and vegetables","t","Balance",2019,0
"HKG","China, Hong Kong Special Administrative Region","Eastern Asia",NA,"Processing","Fruits and vegetables","t","Balance",2020,0
"HKG","China, Hong Kong Special Administrative Region","Eastern Asia",NA,"Processing","Fruits and vegetables","t","Balance",2021,0
"HKG","China, Hong Kong Special Administrative Region","Eastern Asia",NA,"Processing","Fruits and vegetables","t","Balance",2022,0
"HKG","China, Hong Kong Special Administrative Region","Eastern Asia",NA,"Processing","Fruits and vegetables","t","Balance",2023,0
"HKG","China, Hong Kong Special Administrative Region","Eastern Asia",NA,"Processing","Meat","t","Balance",2010,0
"HKG","China, Hong Kong Special Administrative Region","Eastern Asia",NA,"Processing","Meat","t","Balance",2011,0
"HKG","China, Hong Kong Special Administrative Region","Eastern Asia",NA,"Processing","Meat","t","Balance",2012,0
"HKG","China, Hong Kong Special Administrative Region","Eastern Asia",NA,"Processing","Meat","t","Balance",2013,0
"HKG","China, Hong Kong Special Administrative Region","Eastern Asia",NA,"Processing","Meat","t","Balance",2014,0
"HKG","China, Hong Kong Special Administrative Region","Eastern Asia",NA,"Processing","Meat","t","Balance",2015,0
"HKG","China, Hong Kong Special Administrative Region","Eastern Asia",NA,"Processing","Meat","t","Balance",2016,0
"HKG","China, Hong Kong Special Administrative Region","Eastern Asia",NA,"Processing","Meat","t","Balance",2017,0
"HKG","China, Hong Kong Special Administrative Region","Eastern Asia",NA,"Processing","Meat","t","Balance",2018,0
"HKG","China, Hong Kong Special Administrative Region","Eastern Asia",NA,"Processing","Meat","t","Balance",2019,0
"HKG","China, Hong Kong Special Administrative Region","Eastern Asia",NA,"Processing","Meat","t","Balance",2020,0
"HKG","China, Hong Kong Special Administrative Region","Eastern Asia",NA,"Processing","Meat","t","Balance",2021,0
"HKG","China, Hong Kong Special Administrative Region","Eastern Asia",NA,"Processing","Meat","t","Balance",2022,0
"HKG","China, Hong Kong Special Administrative Region","Eastern Asia",NA,"Processing","Meat","t","Balance",2023,0
"HKG","China, Hong Kong Special Administrative Region","Eastern Asia",NA,"Processing","Pulses","t","Balance",2010,1000
"HKG","China, Hong Kong Special Administrative Region","Eastern Asia",NA,"Processing","Pulses","t","Balance",2011,1000
"HKG","China, Hong Kong Special Administrative Region","Eastern Asia",NA,"Processing","Pulses","t","Balance",2012,1000
"HKG","China, Hong Kong Special Administrative Region","Eastern Asia",NA,"Processing","Pulses","t","Balance",2013,1000
"HKG","China, Hong Kong Special Administrative Region","Eastern Asia",NA,"Processing","Pulses","t","Balance",2014,1000
"HKG","China, Hong Kong Special Administrative Region","Eastern Asia",NA,"Processing","Pulses","t","Balance",2015,2000
"HKG","China, Hong Kong Special Administrative Region","Eastern Asia",NA,"Processing","Pulses","t","Balance",2016,2000
"HKG","China, Hong Kong Special Administrative Region","Eastern Asia",NA,"Processing","Pulses","t","Balance",2017,1000
"HKG","China, Hong Kong Special Administrative Region","Eastern Asia",NA,"Processing","Pulses","t","Balance",2018,2000
"HKG","China, Hong Kong Special Administrative Region","Eastern Asia",NA,"Processing","Pulses","t","Balance",2019,2000
"HKG","China, Hong Kong Special Administrative Region","Eastern Asia",NA,"Processing","Pulses","t","Balance",2020,2000
"HKG","China, Hong Kong Special Administrative Region","Eastern Asia",NA,"Processing","Pulses","t","Balance",2021,1000
"HKG","China, Hong Kong Special Administrative Region","Eastern Asia",NA,"Processing","Pulses","t","Balance",2022,1000
"HKG","China, Hong Kong Special Administrative Region","Eastern Asia",NA,"Processing","Pulses","t","Balance",2023,2000
"HKG","China, Hong Kong Special Administrative Region","Eastern Asia",NA,"Processing","Starchy roots","t","Balance",2010,0
"HKG","China, Hong Kong Special Administrative Region","Eastern Asia",NA,"Processing","Starchy roots","t","Balance",2011,0
"HKG","China, Hong Kong Special Administrative Region","Eastern Asia",NA,"Processing","Starchy roots","t","Balance",2012,0
"HKG","China, Hong Kong Special Administrative Region","Eastern Asia",NA,"Processing","Starchy roots","t","Balance",2013,0
"HKG","China, Hong Kong Special Administrative Region","Eastern Asia",NA,"Processing","Starchy roots","t","Balance",2014,0
"HKG","China, Hong Kong Special Administrative Region","Eastern Asia",NA,"Processing","Starchy roots","t","Balance",2015,0
"HKG","China, Hong Kong Special Administrative Region","Eastern Asia",NA,"Processing","Starchy roots","t","Balance",2016,0
"HKG","China, Hong Kong Special Administrative Region","Eastern Asia",NA,"Processing","Starchy roots","t","Balance",2017,0
"HKG","China, Hong Kong Special Administrative Region","Eastern Asia",NA,"Processing","Starchy roots","t","Balance",2018,0
"HKG","China, Hong Kong Special Administrative Region","Eastern Asia",NA,"Processing","Starchy roots","t","Balance",2019,0
"HKG","China, Hong Kong Special Administrative Region","Eastern Asia",NA,"Processing","Starchy roots","t","Balance",2020,0
"HKG","China, Hong Kong Special Administrative Region","Eastern Asia",NA,"Processing","Starchy roots","t","Balance",2021,0
"HKG","China, Hong Kong Special Administrative Region","Eastern Asia",NA,"Processing","Starchy roots","t","Balance",2022,0
"HKG","China, Hong Kong Special Administrative Region","Eastern Asia",NA,"Processing","Starchy roots","t","Balance",2023,0
"HKG","China, Hong Kong Special Administrative Region","Eastern Asia",NA,"Processing","Sugar","t","Balance",2010,10000
"HKG","China, Hong Kong Special Administrative Region","Eastern Asia",NA,"Processing","Sugar","t","Balance",2011,11000
"HKG","China, Hong Kong Special Administrative Region","Eastern Asia",NA,"Processing","Sugar","t","Balance",2012,10000
"HKG","China, Hong Kong Special Administrative Region","Eastern Asia",NA,"Processing","Sugar","t","Balance",2013,10000
"HKG","China, Hong Kong Special Administrative Region","Eastern Asia",NA,"Processing","Sugar","t","Balance",2014,10000
"HKG","China, Hong Kong Special Administrative Region","Eastern Asia",NA,"Processing","Sugar","t","Balance",2015,10000
"HKG","China, Hong Kong Special Administrative Region","Eastern Asia",NA,"Processing","Sugar","t","Balance",2016,10000
"HKG","China, Hong Kong Special Administrative Region","Eastern Asia",NA,"Processing","Sugar","t","Balance",2017,10000
"HKG","China, Hong Kong Special Administrative Region","Eastern Asia",NA,"Processing","Sugar","t","Balance",2018,10000
"HKG","China, Hong Kong Special Administrative Region","Eastern Asia",NA,"Processing","Sugar","t","Balance",2019,11000
"HKG","China, Hong Kong Special Administrative Region","Eastern Asia",NA,"Processing","Sugar","t","Balance",2020,10000
"HKG","China, Hong Kong Special Administrative Region","Eastern Asia",NA,"Processing","Sugar","t","Balance",2021,9000
"HKG","China, Hong Kong Special Administrative Region","Eastern Asia",NA,"Processing","Sugar","t","Balance",2022,10000
"HKG","China, Hong Kong Special Administrative Region","Eastern Asia",NA,"Processing","Sugar","t","Balance",2023,10000
"HKG","China, Hong Kong Special Administrative Region","Eastern Asia",NA,"Production","Beverages and other","t","Balance",2010,47000
"HKG","China, Hong Kong Special Administrative Region","Eastern Asia",NA,"Production","Beverages and other","t","Balance",2011,54000
"HKG","China, Hong Kong Special Administrative Region","Eastern Asia",NA,"Production","Beverages and other","t","Balance",2012,42000
"HKG","China, Hong Kong Special Administrative Region","Eastern Asia",NA,"Production","Beverages and other","t","Balance",2013,43000
"HKG","China, Hong Kong Special Administrative Region","Eastern Asia",NA,"Production","Beverages and other","t","Balance",2014,36000
"HKG","China, Hong Kong Special Administrative Region","Eastern Asia",NA,"Production","Beverages and other","t","Balance",2015,44000
"HKG","China, Hong Kong Special Administrative Region","Eastern Asia",NA,"Production","Beverages and other","t","Balance",2016,40000
"HKG","China, Hong Kong Special Administrative Region","Eastern Asia",NA,"Production","Beverages and other","t","Balance",2017,49000
"HKG","China, Hong Kong Special Administrative Region","Eastern Asia",NA,"Production","Beverages and other","t","Balance",2018,40000
"HKG","China, Hong Kong Special Administrative Region","Eastern Asia",NA,"Production","Beverages and other","t","Balance",2019,56000
"HKG","China, Hong Kong Special Administrative Region","Eastern Asia",NA,"Production","Beverages and other","t","Balance",2020,48000
"HKG","China, Hong Kong Special Administrative Region","Eastern Asia",NA,"Production","Beverages and other","t","Balance",2021,52000
"HKG","China, Hong Kong Special Administrative Region","Eastern Asia",NA,"Production","Beverages and other","t","Balance",2022,54000
"HKG","China, Hong Kong Special Administrative Region","Eastern Asia",NA,"Production","Beverages and other","t","Balance",2023,51000
"HKG","China, Hong Kong Special Administrative Region","Eastern Asia",NA,"Production","Cereals","t","Balance",2010,0
"HKG","China, Hong Kong Special Administrative Region","Eastern Asia",NA,"Production","Cereals","t","Balance",2011,0
"HKG","China, Hong Kong Special Administrative Region","Eastern Asia",NA,"Production","Cereals","t","Balance",2012,0
"HKG","China, Hong Kong Special Administrative Region","Eastern Asia",NA,"Production","Cereals","t","Balance",2013,0
"HKG","China, Hong Kong Special Administrative Region","Eastern Asia",NA,"Production","Cereals","t","Balance",2014,0
"HKG","China, Hong Kong Special Administrative Region","Eastern Asia",NA,"Production","Cereals","t","Balance",2015,0
"HKG","China, Hong Kong Special Administrative Region","Eastern Asia",NA,"Production","Cereals","t","Balance",2016,0
"HKG","China, Hong Kong Special Administrative Region","Eastern Asia",NA,"Production","Cereals","t","Balance",2017,0
"HKG","China, Hong Kong Special Administrative Region","Eastern Asia",NA,"Production","Cereals","t","Balance",2018,0
"HKG","China, Hong Kong Special Administrative Region","Eastern Asia",NA,"Production","Cereals","t","Balance",2019,0
"HKG","China, Hong Kong Special Administrative Region","Eastern Asia",NA,"Production","Cereals","t","Balance",2020,0
"HKG","China, Hong Kong Special Administrative Region","Eastern Asia",NA,"Production","Cereals","t","Balance",2021,0
"HKG","China, Hong Kong Special Administrative Region","Eastern Asia",NA,"Production","Cereals","t","Balance",2022,0
"HKG","China, Hong Kong Special Administrative Region","Eastern Asia",NA,"Production","Cereals","t","Balance",2023,0
"HKG","China, Hong Kong Special Administrative Region","Eastern Asia",NA,"Production","Dairy and eggs (excl. butter)","t","Balance",2010,0
"HKG","China, Hong Kong Special Administrative Region","Eastern Asia",NA,"Production","Dairy and eggs (excl. butter)","t","Balance",2011,0
"HKG","China, Hong Kong Special Administrative Region","Eastern Asia",NA,"Production","Dairy and eggs (excl. butter)","t","Balance",2012,0
"HKG","China, Hong Kong Special Administrative Region","Eastern Asia",NA,"Production","Dairy and eggs (excl. butter)","t","Balance",2013,0
"HKG","China, Hong Kong Special Administrative Region","Eastern Asia",NA,"Production","Dairy and eggs (excl. butter)","t","Balance",2014,0
"HKG","China, Hong Kong Special Administrative Region","Eastern Asia",NA,"Production","Dairy and eggs (excl. butter)","t","Balance",2015,0
"HKG","China, Hong Kong Special Administrative Region","Eastern Asia",NA,"Production","Dairy and eggs (excl. butter)","t","Balance",2016,0
"HKG","China, Hong Kong Special Administrative Region","Eastern Asia",NA,"Production","Dairy and eggs (excl. butter)","t","Balance",2017,0
"HKG","China, Hong Kong Special Administrative Region","Eastern Asia",NA,"Production","Dairy and eggs (excl. butter)","t","Balance",2018,0
"HKG","China, Hong Kong Special Administrative Region","Eastern Asia",NA,"Production","Dairy and eggs (excl. butter)","t","Balance",2019,0
"HKG","China, Hong Kong Special Administrative Region","Eastern Asia",NA,"Production","Dairy and eggs (excl. butter)","t","Balance",2020,0
"HKG","China, Hong Kong Special Administrative Region","Eastern Asia",NA,"Production","Dairy and eggs (excl. butter)","t","Balance",2021,0
"HKG","China, Hong Kong Special Administrative Region","Eastern Asia",NA,"Production","Dairy and eggs (excl. butter)","t","Balance",2022,0
"HKG","China, Hong Kong Special Administrative Region","Eastern Asia",NA,"Production","Dairy and eggs (excl. butter)","t","Balance",2023,0
"HKG","China, Hong Kong Special Administrative Region","Eastern Asia",NA,"Production","Fats and oils","t","Balance",2010,61000
"HKG","China, Hong Kong Special Administrative Region","Eastern Asia",NA,"Production","Fats and oils","t","Balance",2011,57000
"HKG","China, Hong Kong Special Administrative Region","Eastern Asia",NA,"Production","Fats and oils","t","Balance",2012,57000
"HKG","China, Hong Kong Special Administrative Region","Eastern Asia",NA,"Production","Fats and oils","t","Balance",2013,58000
"HKG","China, Hong Kong Special Administrative Region","Eastern Asia",NA,"Production","Fats and oils","t","Balance",2014,46000
"HKG","China, Hong Kong Special Administrative Region","Eastern Asia",NA,"Production","Fats and oils","t","Balance",2015,55000
"HKG","China, Hong Kong Special Administrative Region","Eastern Asia",NA,"Production","Fats and oils","t","Balance",2016,58000
"HKG","China, Hong Kong Special Administrative Region","Eastern Asia",NA,"Production","Fats and oils","t","Balance",2017,56000
"HKG","China, Hong Kong Special Administrative Region","Eastern Asia",NA,"Production","Fats and oils","t","Balance",2018,61000
"HKG","China, Hong Kong Special Administrative Region","Eastern Asia",NA,"Production","Fats and oils","t","Balance",2019,53000
"HKG","China, Hong Kong Special Administrative Region","Eastern Asia",NA,"Production","Fats and oils","t","Balance",2020,59000
"HKG","China, Hong Kong Special Administrative Region","Eastern Asia",NA,"Production","Fats and oils","t","Balance",2021,55000
"HKG","China, Hong Kong Special Administrative Region","Eastern Asia",NA,"Production","Fats and oils","t","Balance",2022,57000
"HKG","China, Hong Kong Special Administrative Region","Eastern Asia",NA,"Production","Fats and oils","t","Balance",2023,54000
"HKG","China, Hong Kong Special Administrative Region","Eastern Asia",NA,"Production","Fish and seafood","t","Balance",2010,172000
"HKG","China, Hong Kong Special Administrative Region","Eastern Asia",NA,"Production","Fish and seafood","t","Balance",2011,174000
"HKG","China, Hong Kong Special Administrative Region","Eastern Asia",NA,"Production","Fish and seafood","t","Balance",2012,159000
"HKG","China, Hong Kong Special Administrative Region","Eastern Asia",NA,"Production","Fish and seafood","t","Balance",2013,173000
"HKG","China, Hong Kong Special Administrative Region","Eastern Asia",NA,"Production","Fish and seafood","t","Balance",2014,164000
"HKG","China, Hong Kong Special Administrative Region","Eastern Asia",NA,"Production","Fish and seafood","t","Balance",2015,148000
"HKG","China, Hong Kong Special Administrative Region","Eastern Asia",NA,"Production","Fish and seafood","t","Balance",2016,148000
"HKG","China, Hong Kong Special Administrative Region","Eastern Asia",NA,"Production","Fish and seafood","t","Balance",2017,132000
"HKG","China, Hong Kong Special Administrative Region","Eastern Asia",NA,"Production","Fish and seafood","t","Balance",2018,128000
"HKG","China, Hong Kong Special Administrative Region","Eastern Asia",NA,"Production","Fish and seafood","t","Balance",2019,126000
"HKG","China, Hong Kong Special Administrative Region","Eastern Asia",NA,"Production","Fish and seafood","t","Balance",2020,123000
"HKG","China, Hong Kong Special Administrative Region","Eastern Asia",NA,"Production","Fish and seafood","t","Balance",2021,119000
"HKG","China, Hong Kong Special Administrative Region","Eastern Asia",NA,"Production","Fish and seafood","t","Balance",2022,119000
"HKG","China, Hong Kong Special Administrative Region","Eastern Asia",NA,"Production","Fish and seafood","t","Balance",2023,119000
"HKG","China, Hong Kong Special Administrative Region","Eastern Asia",NA,"Production","Fruits and vegetables","t","Balance",2010,40000
"HKG","China, Hong Kong Special Administrative Region","Eastern Asia",NA,"Production","Fruits and vegetables","t","Balance",2011,41000
"HKG","China, Hong Kong Special Administrative Region","Eastern Asia",NA,"Production","Fruits and vegetables","t","Balance",2012,43000
"HKG","China, Hong Kong Special Administrative Region","Eastern Asia",NA,"Production","Fruits and vegetables","t","Balance",2013,42000
"HKG","China, Hong Kong Special Administrative Region","Eastern Asia",NA,"Production","Fruits and vegetables","t","Balance",2014,42000
"HKG","China, Hong Kong Special Administrative Region","Eastern Asia",NA,"Production","Fruits and vegetables","t","Balance",2015,42000
"HKG","China, Hong Kong Special Administrative Region","Eastern Asia",NA,"Production","Fruits and vegetables","t","Balance",2016,42000
"HKG","China, Hong Kong Special Administrative Region","Eastern Asia",NA,"Production","Fruits and vegetables","t","Balance",2017,43000
"HKG","China, Hong Kong Special Administrative Region","Eastern Asia",NA,"Production","Fruits and vegetables","t","Balance",2018,43000
"HKG","China, Hong Kong Special Administrative Region","Eastern Asia",NA,"Production","Fruits and vegetables","t","Balance",2019,41000
"HKG","China, Hong Kong Special Administrative Region","Eastern Asia",NA,"Production","Fruits and vegetables","t","Balance",2020,41000
"HKG","China, Hong Kong Special Administrative Region","Eastern Asia",NA,"Production","Fruits and vegetables","t","Balance",2021,42000
"HKG","China, Hong Kong Special Administrative Region","Eastern Asia",NA,"Production","Fruits and vegetables","t","Balance",2022,42000
"HKG","China, Hong Kong Special Administrative Region","Eastern Asia",NA,"Production","Fruits and vegetables","t","Balance",2023,42000
"HKG","China, Hong Kong Special Administrative Region","Eastern Asia",NA,"Production","Meat","t","Balance",2010,188000
"HKG","China, Hong Kong Special Administrative Region","Eastern Asia",NA,"Production","Meat","t","Balance",2011,171000
"HKG","China, Hong Kong Special Administrative Region","Eastern Asia",NA,"Production","Meat","t","Balance",2012,177000
"HKG","China, Hong Kong Special Administrative Region","Eastern Asia",NA,"Production","Meat","t","Balance",2013,179000
"HKG","China, Hong Kong Special Administrative Region","Eastern Asia",NA,"Production","Meat","t","Balance",2014,178000
"HKG","China, Hong Kong Special Administrative Region","Eastern Asia",NA,"Production","Meat","t","Balance",2015,183000
"HKG","China, Hong Kong Special Administrative Region","Eastern Asia",NA,"Production","Meat","t","Balance",2016,169000
"HKG","China, Hong Kong Special Administrative Region","Eastern Asia",NA,"Production","Meat","t","Balance",2017,165000
"HKG","China, Hong Kong Special Administrative Region","Eastern Asia",NA,"Production","Meat","t","Balance",2018,161000
"HKG","China, Hong Kong Special Administrative Region","Eastern Asia",NA,"Production","Meat","t","Balance",2019,170000
"HKG","China, Hong Kong Special Administrative Region","Eastern Asia",NA,"Production","Meat","t","Balance",2020,180000
"HKG","China, Hong Kong Special Administrative Region","Eastern Asia",NA,"Production","Meat","t","Balance",2021,151000
"HKG","China, Hong Kong Special Administrative Region","Eastern Asia",NA,"Production","Meat","t","Balance",2022,162000
"HKG","China, Hong Kong Special Administrative Region","Eastern Asia",NA,"Production","Meat","t","Balance",2023,173000
"HKG","China, Hong Kong Special Administrative Region","Eastern Asia",NA,"Production","Pulses","t","Balance",2010,1000
"HKG","China, Hong Kong Special Administrative Region","Eastern Asia",NA,"Production","Pulses","t","Balance",2011,1000
"HKG","China, Hong Kong Special Administrative Region","Eastern Asia",NA,"Production","Pulses","t","Balance",2012,1000
"HKG","China, Hong Kong Special Administrative Region","Eastern Asia",NA,"Production","Pulses","t","Balance",2013,1000
"HKG","China, Hong Kong Special Administrative Region","Eastern Asia",NA,"Production","Pulses","t","Balance",2014,1000
"HKG","China, Hong Kong Special Administrative Region","Eastern Asia",NA,"Production","Pulses","t","Balance",2015,2000
"HKG","China, Hong Kong Special Administrative Region","Eastern Asia",NA,"Production","Pulses","t","Balance",2016,1000
"HKG","China, Hong Kong Special Administrative Region","Eastern Asia",NA,"Production","Pulses","t","Balance",2017,1000
"HKG","China, Hong Kong Special Administrative Region","Eastern Asia",NA,"Production","Pulses","t","Balance",2018,1000
"HKG","China, Hong Kong Special Administrative Region","Eastern Asia",NA,"Production","Pulses","t","Balance",2019,1000
"HKG","China, Hong Kong Special Administrative Region","Eastern Asia",NA,"Production","Pulses","t","Balance",2020,1000
"HKG","China, Hong Kong Special Administrative Region","Eastern Asia",NA,"Production","Pulses","t","Balance",2021,1000
"HKG","China, Hong Kong Special Administrative Region","Eastern Asia",NA,"Production","Pulses","t","Balance",2022,1000
"HKG","China, Hong Kong Special Administrative Region","Eastern Asia",NA,"Production","Pulses","t","Balance",2023,1000
"HKG","China, Hong Kong Special Administrative Region","Eastern Asia",NA,"Production","Starchy roots","t","Balance",2010,0
"HKG","China, Hong Kong Special Administrative Region","Eastern Asia",NA,"Production","Starchy roots","t","Balance",2011,0
"HKG","China, Hong Kong Special Administrative Region","Eastern Asia",NA,"Production","Starchy roots","t","Balance",2012,0
"HKG","China, Hong Kong Special Administrative Region","Eastern Asia",NA,"Production","Starchy roots","t","Balance",2013,0
"HKG","China, Hong Kong Special Administrative Region","Eastern Asia",NA,"Production","Starchy roots","t","Balance",2014,0
"HKG","China, Hong Kong Special Administrative Region","Eastern Asia",NA,"Production","Starchy roots","t","Balance",2015,0
"HKG","China, Hong Kong Special Administrative Region","Eastern Asia",NA,"Production","Starchy roots","t","Balance",2016,0
"HKG","China, Hong Kong Special Administrative Region","Eastern Asia",NA,"Production","Starchy roots","t","Balance",2017,0
"HKG","China, Hong Kong Special Administrative Region","Eastern Asia",NA,"Production","Starchy roots","t","Balance",2018,0
"HKG","China, Hong Kong Special Administrative Region","Eastern Asia",NA,"Production","Starchy roots","t","Balance",2019,0
"HKG","China, Hong Kong Special Administrative Region","Eastern Asia",NA,"Production","Starchy roots","t","Balance",2020,0
"HKG","China, Hong Kong Special Administrative Region","Eastern Asia",NA,"Production","Starchy roots","t","Balance",2021,0
"HKG","China, Hong Kong Special Administrative Region","Eastern Asia",NA,"Production","Starchy roots","t","Balance",2022,0
"HKG","China, Hong Kong Special Administrative Region","Eastern Asia",NA,"Production","Starchy roots","t","Balance",2023,0
"HKG","China, Hong Kong Special Administrative Region","Eastern Asia",NA,"Production","Sugar","t","Balance",2010,29000
"HKG","China, Hong Kong Special Administrative Region","Eastern Asia",NA,"Production","Sugar","t","Balance",2011,31000
"HKG","China, Hong Kong Special Administrative Region","Eastern Asia",NA,"Production","Sugar","t","Balance",2012,30000
"HKG","China, Hong Kong Special Administrative Region","Eastern Asia",NA,"Production","Sugar","t","Balance",2013,29000
"HKG","China, Hong Kong Special Administrative Region","Eastern Asia",NA,"Production","Sugar","t","Balance",2014,30000
"HKG","China, Hong Kong Special Administrative Region","Eastern Asia",NA,"Production","Sugar","t","Balance",2015,29000
"HKG","China, Hong Kong Special Administrative Region","Eastern Asia",NA,"Production","Sugar","t","Balance",2016,29000
"HKG","China, Hong Kong Special Administrative Region","Eastern Asia",NA,"Production","Sugar","t","Balance",2017,29000
"HKG","China, Hong Kong Special Administrative Region","Eastern Asia",NA,"Production","Sugar","t","Balance",2018,28000
"HKG","China, Hong Kong Special Administrative Region","Eastern Asia",NA,"Production","Sugar","t","Balance",2019,32000
"HKG","China, Hong Kong Special Administrative Region","Eastern Asia",NA,"Production","Sugar","t","Balance",2020,28000
"HKG","China, Hong Kong Special Administrative Region","Eastern Asia",NA,"Production","Sugar","t","Balance",2021,24000
"HKG","China, Hong Kong Special Administrative Region","Eastern Asia",NA,"Production","Sugar","t","Balance",2022,27000
"HKG","China, Hong Kong Special Administrative Region","Eastern Asia",NA,"Production","Sugar","t","Balance",2023,27000
"HKG","China, Hong Kong Special Administrative Region","Eastern Asia",NA,"Protein supply quantity (g/capita/day)","Beverages and other","g/cap/d","Per capita",2010,13.02
"HKG","China, Hong Kong Special Administrative Region","Eastern Asia",NA,"Protein supply quantity (g/capita/day)","Beverages and other","g/cap/d","Per capita",2011,11.77
"HKG","China, Hong Kong Special Administrative Region","Eastern Asia",NA,"Protein supply quantity (g/capita/day)","Beverages and other","g/cap/d","Per capita",2012,12.15
"HKG","China, Hong Kong Special Administrative Region","Eastern Asia",NA,"Protein supply quantity (g/capita/day)","Beverages and other","g/cap/d","Per capita",2013,12.06
"HKG","China, Hong Kong Special Administrative Region","Eastern Asia",NA,"Protein supply quantity (g/capita/day)","Beverages and other","g/cap/d","Per capita",2014,11.08
"HKG","China, Hong Kong Special Administrative Region","Eastern Asia",NA,"Protein supply quantity (g/capita/day)","Beverages and other","g/cap/d","Per capita",2015,11.45
"HKG","China, Hong Kong Special Administrative Region","Eastern Asia",NA,"Protein supply quantity (g/capita/day)","Beverages and other","g/cap/d","Per capita",2016,11.22
"HKG","China, Hong Kong Special Administrative Region","Eastern Asia",NA,"Protein supply quantity (g/capita/day)","Beverages and other","g/cap/d","Per capita",2017,11.4
"HKG","China, Hong Kong Special Administrative Region","Eastern Asia",NA,"Protein supply quantity (g/capita/day)","Beverages and other","g/cap/d","Per capita",2018,11.41
"HKG","China, Hong Kong Special Administrative Region","Eastern Asia",NA,"Protein supply quantity (g/capita/day)","Beverages and other","g/cap/d","Per capita",2019,10.67
"HKG","China, Hong Kong Special Administrative Region","Eastern Asia",NA,"Protein supply quantity (g/capita/day)","Beverages and other","g/cap/d","Per capita",2020,10.07
"HKG","China, Hong Kong Special Administrative Region","Eastern Asia",NA,"Protein supply quantity (g/capita/day)","Beverages and other","g/cap/d","Per capita",2021,15.1
"HKG","China, Hong Kong Special Administrative Region","Eastern Asia",NA,"Protein supply quantity (g/capita/day)","Beverages and other","g/cap/d","Per capita",2022,18.1
"HKG","China, Hong Kong Special Administrative Region","Eastern Asia",NA,"Protein supply quantity (g/capita/day)","Beverages and other","g/cap/d","Per capita",2023,17.16
"HKG","China, Hong Kong Special Administrative Region","Eastern Asia",NA,"Protein supply quantity (g/capita/day)","Cereals","g/cap/d","Per capita",2010,21.4
"HKG","China, Hong Kong Special Administrative Region","Eastern Asia",NA,"Protein supply quantity (g/capita/day)","Cereals","g/cap/d","Per capita",2011,21.76
"HKG","China, Hong Kong Special Administrative Region","Eastern Asia",NA,"Protein supply quantity (g/capita/day)","Cereals","g/cap/d","Per capita",2012,20.43
"HKG","China, Hong Kong Special Administrative Region","Eastern Asia",NA,"Protein supply quantity (g/capita/day)","Cereals","g/cap/d","Per capita",2013,21.150000000000002
"HKG","China, Hong Kong Special Administrative Region","Eastern Asia",NA,"Protein supply quantity (g/capita/day)","Cereals","g/cap/d","Per capita",2014,21.580000000000002
"HKG","China, Hong Kong Special Administrative Region","Eastern Asia",NA,"Protein supply quantity (g/capita/day)","Cereals","g/cap/d","Per capita",2015,21.15
"HKG","China, Hong Kong Special Administrative Region","Eastern Asia",NA,"Protein supply quantity (g/capita/day)","Cereals","g/cap/d","Per capita",2016,21.05
"HKG","China, Hong Kong Special Administrative Region","Eastern Asia",NA,"Protein supply quantity (g/capita/day)","Cereals","g/cap/d","Per capita",2017,21.34
"HKG","China, Hong Kong Special Administrative Region","Eastern Asia",NA,"Protein supply quantity (g/capita/day)","Cereals","g/cap/d","Per capita",2018,20.94
"HKG","China, Hong Kong Special Administrative Region","Eastern Asia",NA,"Protein supply quantity (g/capita/day)","Cereals","g/cap/d","Per capita",2019,19.759999999999998
"HKG","China, Hong Kong Special Administrative Region","Eastern Asia",NA,"Protein supply quantity (g/capita/day)","Cereals","g/cap/d","Per capita",2020,19.63
"HKG","China, Hong Kong Special Administrative Region","Eastern Asia",NA,"Protein supply quantity (g/capita/day)","Cereals","g/cap/d","Per capita",2021,18.65
"HKG","China, Hong Kong Special Administrative Region","Eastern Asia",NA,"Protein supply quantity (g/capita/day)","Cereals","g/cap/d","Per capita",2022,18.27
"HKG","China, Hong Kong Special Administrative Region","Eastern Asia",NA,"Protein supply quantity (g/capita/day)","Cereals","g/cap/d","Per capita",2023,17.98
"HKG","China, Hong Kong Special Administrative Region","Eastern Asia",NA,"Protein supply quantity (g/capita/day)","Dairy and eggs (excl. butter)","g/cap/d","Per capita",2010,25.22
"HKG","China, Hong Kong Special Administrative Region","Eastern Asia",NA,"Protein supply quantity (g/capita/day)","Dairy and eggs (excl. butter)","g/cap/d","Per capita",2011,26.400000000000002
"HKG","China, Hong Kong Special Administrative Region","Eastern Asia",NA,"Protein supply quantity (g/capita/day)","Dairy and eggs (excl. butter)","g/cap/d","Per capita",2012,27.480000000000004
"HKG","China, Hong Kong Special Administrative Region","Eastern Asia",NA,"Protein supply quantity (g/capita/day)","Dairy and eggs (excl. butter)","g/cap/d","Per capita",2013,27.119999999999997
"HKG","China, Hong Kong Special Administrative Region","Eastern Asia",NA,"Protein supply quantity (g/capita/day)","Dairy and eggs (excl. butter)","g/cap/d","Per capita",2014,29.82
"HKG","China, Hong Kong Special Administrative Region","Eastern Asia",NA,"Protein supply quantity (g/capita/day)","Dairy and eggs (excl. butter)","g/cap/d","Per capita",2015,30.16
"HKG","China, Hong Kong Special Administrative Region","Eastern Asia",NA,"Protein supply quantity (g/capita/day)","Dairy and eggs (excl. butter)","g/cap/d","Per capita",2016,31.520000000000003
"HKG","China, Hong Kong Special Administrative Region","Eastern Asia",NA,"Protein supply quantity (g/capita/day)","Dairy and eggs (excl. butter)","g/cap/d","Per capita",2017,31.46
"HKG","China, Hong Kong Special Administrative Region","Eastern Asia",NA,"Protein supply quantity (g/capita/day)","Dairy and eggs (excl. butter)","g/cap/d","Per capita",2018,32.44
"HKG","China, Hong Kong Special Administrative Region","Eastern Asia",NA,"Protein supply quantity (g/capita/day)","Dairy and eggs (excl. butter)","g/cap/d","Per capita",2019,32.46
"HKG","China, Hong Kong Special Administrative Region","Eastern Asia",NA,"Protein supply quantity (g/capita/day)","Dairy and eggs (excl. butter)","g/cap/d","Per capita",2020,30.42
"HKG","China, Hong Kong Special Administrative Region","Eastern Asia",NA,"Protein supply quantity (g/capita/day)","Dairy and eggs (excl. butter)","g/cap/d","Per capita",2021,28.560000000000002
"HKG","China, Hong Kong Special Administrative Region","Eastern Asia",NA,"Protein supply quantity (g/capita/day)","Dairy and eggs (excl. butter)","g/cap/d","Per capita",2022,26.14
"HKG","China, Hong Kong Special Administrative Region","Eastern Asia",NA,"Protein supply quantity (g/capita/day)","Dairy and eggs (excl. butter)","g/cap/d","Per capita",2023,27.64
"HKG","China, Hong Kong Special Administrative Region","Eastern Asia",NA,"Protein supply quantity (g/capita/day)","Fats and oils","g/cap/d","Per capita",2010,3.5
"HKG","China, Hong Kong Special Administrative Region","Eastern Asia",NA,"Protein supply quantity (g/capita/day)","Fats and oils","g/cap/d","Per capita",2011,3.4
"HKG","China, Hong Kong Special Administrative Region","Eastern Asia",NA,"Protein supply quantity (g/capita/day)","Fats and oils","g/cap/d","Per capita",2012,3.3400000000000003
"HKG","China, Hong Kong Special Administrative Region","Eastern Asia",NA,"Protein supply quantity (g/capita/day)","Fats and oils","g/cap/d","Per capita",2013,3.33
"HKG","China, Hong Kong Special Administrative Region","Eastern Asia",NA,"Protein supply quantity (g/capita/day)","Fats and oils","g/cap/d","Per capita",2014,3.48
"HKG","China, Hong Kong Special Administrative Region","Eastern Asia",NA,"Protein supply quantity (g/capita/day)","Fats and oils","g/cap/d","Per capita",2015,3.56
"HKG","China, Hong Kong Special Administrative Region","Eastern Asia",NA,"Protein supply quantity (g/capita/day)","Fats and oils","g/cap/d","Per capita",2016,3.88
"HKG","China, Hong Kong Special Administrative Region","Eastern Asia",NA,"Protein supply quantity (g/capita/day)","Fats and oils","g/cap/d","Per capita",2017,4.1
"HKG","China, Hong Kong Special Administrative Region","Eastern Asia",NA,"Protein supply quantity (g/capita/day)","Fats and oils","g/cap/d","Per capita",2018,3.6300000000000003
"HKG","China, Hong Kong Special Administrative Region","Eastern Asia",NA,"Protein supply quantity (g/capita/day)","Fats and oils","g/cap/d","Per capita",2019,3.4299999999999997
"HKG","China, Hong Kong Special Administrative Region","Eastern Asia",NA,"Protein supply quantity (g/capita/day)","Fats and oils","g/cap/d","Per capita",2020,3.27
"HKG","China, Hong Kong Special Administrative Region","Eastern Asia",NA,"Protein supply quantity (g/capita/day)","Fats and oils","g/cap/d","Per capita",2021,3.11
"HKG","China, Hong Kong Special Administrative Region","Eastern Asia",NA,"Protein supply quantity (g/capita/day)","Fats and oils","g/cap/d","Per capita",2022,3.21
"HKG","China, Hong Kong Special Administrative Region","Eastern Asia",NA,"Protein supply quantity (g/capita/day)","Fats and oils","g/cap/d","Per capita",2023,3
"HKG","China, Hong Kong Special Administrative Region","Eastern Asia",NA,"Protein supply quantity (g/capita/day)","Fish and seafood","g/cap/d","Per capita",2010,15.94
"HKG","China, Hong Kong Special Administrative Region","Eastern Asia",NA,"Protein supply quantity (g/capita/day)","Fish and seafood","g/cap/d","Per capita",2011,15.74
"HKG","China, Hong Kong Special Administrative Region","Eastern Asia",NA,"Protein supply quantity (g/capita/day)","Fish and seafood","g/cap/d","Per capita",2012,15.65
"HKG","China, Hong Kong Special Administrative Region","Eastern Asia",NA,"Protein supply quantity (g/capita/day)","Fish and seafood","g/cap/d","Per capita",2013,15.34
"HKG","China, Hong Kong Special Administrative Region","Eastern Asia",NA,"Protein supply quantity (g/capita/day)","Fish and seafood","g/cap/d","Per capita",2014,15.74
"HKG","China, Hong Kong Special Administrative Region","Eastern Asia",NA,"Protein supply quantity (g/capita/day)","Fish and seafood","g/cap/d","Per capita",2015,16.93
"HKG","China, Hong Kong Special Administrative Region","Eastern Asia",NA,"Protein supply quantity (g/capita/day)","Fish and seafood","g/cap/d","Per capita",2016,16.54
"HKG","China, Hong Kong Special Administrative Region","Eastern Asia",NA,"Protein supply quantity (g/capita/day)","Fish and seafood","g/cap/d","Per capita",2017,15.35
"HKG","China, Hong Kong Special Administrative Region","Eastern Asia",NA,"Protein supply quantity (g/capita/day)","Fish and seafood","g/cap/d","Per capita",2018,15.870000000000001
"HKG","China, Hong Kong Special Administrative Region","Eastern Asia",NA,"Protein supply quantity (g/capita/day)","Fish and seafood","g/cap/d","Per capita",2019,15.46
"HKG","China, Hong Kong Special Administrative Region","Eastern Asia",NA,"Protein supply quantity (g/capita/day)","Fish and seafood","g/cap/d","Per capita",2020,15.42
"HKG","China, Hong Kong Special Administrative Region","Eastern Asia",NA,"Protein supply quantity (g/capita/day)","Fish and seafood","g/cap/d","Per capita",2021,15.62
"HKG","China, Hong Kong Special Administrative Region","Eastern Asia",NA,"Protein supply quantity (g/capita/day)","Fish and seafood","g/cap/d","Per capita",2022,15.65
"HKG","China, Hong Kong Special Administrative Region","Eastern Asia",NA,"Protein supply quantity (g/capita/day)","Fish and seafood","g/cap/d","Per capita",2023,15.69
"HKG","China, Hong Kong Special Administrative Region","Eastern Asia",NA,"Protein supply quantity (g/capita/day)","Fruits and vegetables","g/cap/d","Per capita",2010,7.15
"HKG","China, Hong Kong Special Administrative Region","Eastern Asia",NA,"Protein supply quantity (g/capita/day)","Fruits and vegetables","g/cap/d","Per capita",2011,7.63
"HKG","China, Hong Kong Special Administrative Region","Eastern Asia",NA,"Protein supply quantity (g/capita/day)","Fruits and vegetables","g/cap/d","Per capita",2012,8.27
"HKG","China, Hong Kong Special Administrative Region","Eastern Asia",NA,"Protein supply quantity (g/capita/day)","Fruits and vegetables","g/cap/d","Per capita",2013,7.55
"HKG","China, Hong Kong Special Administrative Region","Eastern Asia",NA,"Protein supply quantity (g/capita/day)","Fruits and vegetables","g/cap/d","Per capita",2014,8.2
"HKG","China, Hong Kong Special Administrative Region","Eastern Asia",NA,"Protein supply quantity (g/capita/day)","Fruits and vegetables","g/cap/d","Per capita",2015,8.25
"HKG","China, Hong Kong Special Administrative Region","Eastern Asia",NA,"Protein supply quantity (g/capita/day)","Fruits and vegetables","g/cap/d","Per capita",2016,8.02
"HKG","China, Hong Kong Special Administrative Region","Eastern Asia",NA,"Protein supply quantity (g/capita/day)","Fruits and vegetables","g/cap/d","Per capita",2017,8.360000000000001
"HKG","China, Hong Kong Special Administrative Region","Eastern Asia",NA,"Protein supply quantity (g/capita/day)","Fruits and vegetables","g/cap/d","Per capita",2018,8.33
"HKG","China, Hong Kong Special Administrative Region","Eastern Asia",NA,"Protein supply quantity (g/capita/day)","Fruits and vegetables","g/cap/d","Per capita",2019,9.34
"HKG","China, Hong Kong Special Administrative Region","Eastern Asia",NA,"Protein supply quantity (g/capita/day)","Fruits and vegetables","g/cap/d","Per capita",2020,10
"HKG","China, Hong Kong Special Administrative Region","Eastern Asia",NA,"Protein supply quantity (g/capita/day)","Fruits and vegetables","g/cap/d","Per capita",2021,10.66
"HKG","China, Hong Kong Special Administrative Region","Eastern Asia",NA,"Protein supply quantity (g/capita/day)","Fruits and vegetables","g/cap/d","Per capita",2022,9.58
"HKG","China, Hong Kong Special Administrative Region","Eastern Asia",NA,"Protein supply quantity (g/capita/day)","Fruits and vegetables","g/cap/d","Per capita",2023,10.75
"HKG","China, Hong Kong Special Administrative Region","Eastern Asia",NA,"Protein supply quantity (g/capita/day)","Meat","g/cap/d","Per capita",2010,63.800000000000004
"HKG","China, Hong Kong Special Administrative Region","Eastern Asia",NA,"Protein supply quantity (g/capita/day)","Meat","g/cap/d","Per capita",2011,70.55
"HKG","China, Hong Kong Special Administrative Region","Eastern Asia",NA,"Protein supply quantity (g/capita/day)","Meat","g/cap/d","Per capita",2012,67.39
"HKG","China, Hong Kong Special Administrative Region","Eastern Asia",NA,"Protein supply quantity (g/capita/day)","Meat","g/cap/d","Per capita",2013,65.08
"HKG","China, Hong Kong Special Administrative Region","Eastern Asia",NA,"Protein supply quantity (g/capita/day)","Meat","g/cap/d","Per capita",2014,67.76
"HKG","China, Hong Kong Special Administrative Region","Eastern Asia",NA,"Protein supply quantity (g/capita/day)","Meat","g/cap/d","Per capita",2015,62.09
"HKG","China, Hong Kong Special Administrative Region","Eastern Asia",NA,"Protein supply quantity (g/capita/day)","Meat","g/cap/d","Per capita",2016,69.34
"HKG","China, Hong Kong Special Administrative Region","Eastern Asia",NA,"Protein supply quantity (g/capita/day)","Meat","g/cap/d","Per capita",2017,74.33
"HKG","China, Hong Kong Special Administrative Region","Eastern Asia",NA,"Protein supply quantity (g/capita/day)","Meat","g/cap/d","Per capita",2018,68.35
"HKG","China, Hong Kong Special Administrative Region","Eastern Asia",NA,"Protein supply quantity (g/capita/day)","Meat","g/cap/d","Per capita",2019,76.5
"HKG","China, Hong Kong Special Administrative Region","Eastern Asia",NA,"Protein supply quantity (g/capita/day)","Meat","g/cap/d","Per capita",2020,73.42
"HKG","China, Hong Kong Special Administrative Region","Eastern Asia",NA,"Protein supply quantity (g/capita/day)","Meat","g/cap/d","Per capita",2021,68.38
"HKG","China, Hong Kong Special Administrative Region","Eastern Asia",NA,"Protein supply quantity (g/capita/day)","Meat","g/cap/d","Per capita",2022,49.68
"HKG","China, Hong Kong Special Administrative Region","Eastern Asia",NA,"Protein supply quantity (g/capita/day)","Meat","g/cap/d","Per capita",2023,45.32
"HKG","China, Hong Kong Special Administrative Region","Eastern Asia",NA,"Protein supply quantity (g/capita/day)","Pulses","g/cap/d","Per capita",2010,0.67
"HKG","China, Hong Kong Special Administrative Region","Eastern Asia",NA,"Protein supply quantity (g/capita/day)","Pulses","g/cap/d","Per capita",2011,0.69
"HKG","China, Hong Kong Special Administrative Region","Eastern Asia",NA,"Protein supply quantity (g/capita/day)","Pulses","g/cap/d","Per capita",2012,0.6799999999999999
"HKG","China, Hong Kong Special Administrative Region","Eastern Asia",NA,"Protein supply quantity (g/capita/day)","Pulses","g/cap/d","Per capita",2013,0.69
"HKG","China, Hong Kong Special Administrative Region","Eastern Asia",NA,"Protein supply quantity (g/capita/day)","Pulses","g/cap/d","Per capita",2014,0.72
"HKG","China, Hong Kong Special Administrative Region","Eastern Asia",NA,"Protein supply quantity (g/capita/day)","Pulses","g/cap/d","Per capita",2015,0.72
"HKG","China, Hong Kong Special Administrative Region","Eastern Asia",NA,"Protein supply quantity (g/capita/day)","Pulses","g/cap/d","Per capita",2016,0.6599999999999999
"HKG","China, Hong Kong Special Administrative Region","Eastern Asia",NA,"Protein supply quantity (g/capita/day)","Pulses","g/cap/d","Per capita",2017,0.63
"HKG","China, Hong Kong Special Administrative Region","Eastern Asia",NA,"Protein supply quantity (g/capita/day)","Pulses","g/cap/d","Per capita",2018,0.6599999999999999
"HKG","China, Hong Kong Special Administrative Region","Eastern Asia",NA,"Protein supply quantity (g/capita/day)","Pulses","g/cap/d","Per capita",2019,0.6
"HKG","China, Hong Kong Special Administrative Region","Eastern Asia",NA,"Protein supply quantity (g/capita/day)","Pulses","g/cap/d","Per capita",2020,0.62
"HKG","China, Hong Kong Special Administrative Region","Eastern Asia",NA,"Protein supply quantity (g/capita/day)","Pulses","g/cap/d","Per capita",2021,0.52
"HKG","China, Hong Kong Special Administrative Region","Eastern Asia",NA,"Protein supply quantity (g/capita/day)","Pulses","g/cap/d","Per capita",2022,0.5
"HKG","China, Hong Kong Special Administrative Region","Eastern Asia",NA,"Protein supply quantity (g/capita/day)","Pulses","g/cap/d","Per capita",2023,0.5
"HKG","China, Hong Kong Special Administrative Region","Eastern Asia",NA,"Protein supply quantity (g/capita/day)","Starchy roots","g/cap/d","Per capita",2010,0.34
"HKG","China, Hong Kong Special Administrative Region","Eastern Asia",NA,"Protein supply quantity (g/capita/day)","Starchy roots","g/cap/d","Per capita",2011,0.32
"HKG","China, Hong Kong Special Administrative Region","Eastern Asia",NA,"Protein supply quantity (g/capita/day)","Starchy roots","g/cap/d","Per capita",2012,0.32
"HKG","China, Hong Kong Special Administrative Region","Eastern Asia",NA,"Protein supply quantity (g/capita/day)","Starchy roots","g/cap/d","Per capita",2013,0.32
"HKG","China, Hong Kong Special Administrative Region","Eastern Asia",NA,"Protein supply quantity (g/capita/day)","Starchy roots","g/cap/d","Per capita",2014,0.31
"HKG","China, Hong Kong Special Administrative Region","Eastern Asia",NA,"Protein supply quantity (g/capita/day)","Starchy roots","g/cap/d","Per capita",2015,0.32
"HKG","China, Hong Kong Special Administrative Region","Eastern Asia",NA,"Protein supply quantity (g/capita/day)","Starchy roots","g/cap/d","Per capita",2016,0.32
"HKG","China, Hong Kong Special Administrative Region","Eastern Asia",NA,"Protein supply quantity (g/capita/day)","Starchy roots","g/cap/d","Per capita",2017,0.32
"HKG","China, Hong Kong Special Administrative Region","Eastern Asia",NA,"Protein supply quantity (g/capita/day)","Starchy roots","g/cap/d","Per capita",2018,0.34
"HKG","China, Hong Kong Special Administrative Region","Eastern Asia",NA,"Protein supply quantity (g/capita/day)","Starchy roots","g/cap/d","Per capita",2019,0.45
"HKG","China, Hong Kong Special Administrative Region","Eastern Asia",NA,"Protein supply quantity (g/capita/day)","Starchy roots","g/cap/d","Per capita",2020,0.34
"HKG","China, Hong Kong Special Administrative Region","Eastern Asia",NA,"Protein supply quantity (g/capita/day)","Starchy roots","g/cap/d","Per capita",2021,0.41000000000000003
"HKG","China, Hong Kong Special Administrative Region","Eastern Asia",NA,"Protein supply quantity (g/capita/day)","Starchy roots","g/cap/d","Per capita",2022,0.56
"HKG","China, Hong Kong Special Administrative Region","Eastern Asia",NA,"Protein supply quantity (g/capita/day)","Starchy roots","g/cap/d","Per capita",2023,0.53
"HKG","China, Hong Kong Special Administrative Region","Eastern Asia",NA,"Protein supply quantity (g/capita/day)","Sugar","g/cap/d","Per capita",2010,0.25
"HKG","China, Hong Kong Special Administrative Region","Eastern Asia",NA,"Protein supply quantity (g/capita/day)","Sugar","g/cap/d","Per capita",2011,0.24
"HKG","China, Hong Kong Special Administrative Region","Eastern Asia",NA,"Protein supply quantity (g/capita/day)","Sugar","g/cap/d","Per capita",2012,0.24
"HKG","China, Hong Kong Special Administrative Region","Eastern Asia",NA,"Protein supply quantity (g/capita/day)","Sugar","g/cap/d","Per capita",2013,0.24
"HKG","China, Hong Kong Special Administrative Region","Eastern Asia",NA,"Protein supply quantity (g/capita/day)","Sugar","g/cap/d","Per capita",2014,0.25
"HKG","China, Hong Kong Special Administrative Region","Eastern Asia",NA,"Protein supply quantity (g/capita/day)","Sugar","g/cap/d","Per capita",2015,0.25
"HKG","China, Hong Kong Special Administrative Region","Eastern Asia",NA,"Protein supply quantity (g/capita/day)","Sugar","g/cap/d","Per capita",2016,0.25
"HKG","China, Hong Kong Special Administrative Region","Eastern Asia",NA,"Protein supply quantity (g/capita/day)","Sugar","g/cap/d","Per capita",2017,0.22
"HKG","China, Hong Kong Special Administrative Region","Eastern Asia",NA,"Protein supply quantity (g/capita/day)","Sugar","g/cap/d","Per capita",2018,0.25
"HKG","China, Hong Kong Special Administrative Region","Eastern Asia",NA,"Protein supply quantity (g/capita/day)","Sugar","g/cap/d","Per capita",2019,0.23
"HKG","China, Hong Kong Special Administrative Region","Eastern Asia",NA,"Protein supply quantity (g/capita/day)","Sugar","g/cap/d","Per capita",2020,0.15
"HKG","China, Hong Kong Special Administrative Region","Eastern Asia",NA,"Protein supply quantity (g/capita/day)","Sugar","g/cap/d","Per capita",2021,0.15000000000000002
"HKG","China, Hong Kong Special Administrative Region","Eastern Asia",NA,"Protein supply quantity (g/capita/day)","Sugar","g/cap/d","Per capita",2022,0.15000000000000002
"HKG","China, Hong Kong Special Administrative Region","Eastern Asia",NA,"Protein supply quantity (g/capita/day)","Sugar","g/cap/d","Per capita",2023,0.2
"HKG","China, Hong Kong Special Administrative Region","Eastern Asia",NA,"Residuals","Beverages and other","t","Balance",2010,15000
"HKG","China, Hong Kong Special Administrative Region","Eastern Asia",NA,"Residuals","Beverages and other","t","Balance",2011,-69000
"HKG","China, Hong Kong Special Administrative Region","Eastern Asia",NA,"Residuals","Beverages and other","t","Balance",2012,-14000
"HKG","China, Hong Kong Special Administrative Region","Eastern Asia",NA,"Residuals","Beverages and other","t","Balance",2013,0
"HKG","China, Hong Kong Special Administrative Region","Eastern Asia",NA,"Residuals","Beverages and other","t","Balance",2014,-10000
"HKG","China, Hong Kong Special Administrative Region","Eastern Asia",NA,"Residuals","Beverages and other","t","Balance",2015,-19000
"HKG","China, Hong Kong Special Administrative Region","Eastern Asia",NA,"Residuals","Beverages and other","t","Balance",2016,-13000
"HKG","China, Hong Kong Special Administrative Region","Eastern Asia",NA,"Residuals","Beverages and other","t","Balance",2017,-16000
"HKG","China, Hong Kong Special Administrative Region","Eastern Asia",NA,"Residuals","Beverages and other","t","Balance",2018,-29000
"HKG","China, Hong Kong Special Administrative Region","Eastern Asia",NA,"Residuals","Beverages and other","t","Balance",2019,-9000
"HKG","China, Hong Kong Special Administrative Region","Eastern Asia",NA,"Residuals","Beverages and other","t","Balance",2020,21000
"HKG","China, Hong Kong Special Administrative Region","Eastern Asia",NA,"Residuals","Beverages and other","t","Balance",2021,20000
"HKG","China, Hong Kong Special Administrative Region","Eastern Asia",NA,"Residuals","Beverages and other","t","Balance",2022,0
"HKG","China, Hong Kong Special Administrative Region","Eastern Asia",NA,"Residuals","Beverages and other","t","Balance",2023,0
"HKG","China, Hong Kong Special Administrative Region","Eastern Asia",NA,"Residuals","Cereals","t","Balance",2010,0
"HKG","China, Hong Kong Special Administrative Region","Eastern Asia",NA,"Residuals","Cereals","t","Balance",2011,-4000
"HKG","China, Hong Kong Special Administrative Region","Eastern Asia",NA,"Residuals","Cereals","t","Balance",2012,-1000
"HKG","China, Hong Kong Special Administrative Region","Eastern Asia",NA,"Residuals","Cereals","t","Balance",2013,0
"HKG","China, Hong Kong Special Administrative Region","Eastern Asia",NA,"Residuals","Cereals","t","Balance",2014,-13000
"HKG","China, Hong Kong Special Administrative Region","Eastern Asia",NA,"Residuals","Cereals","t","Balance",2015,-9000
"HKG","China, Hong Kong Special Administrative Region","Eastern Asia",NA,"Residuals","Cereals","t","Balance",2016,-11000
"HKG","China, Hong Kong Special Administrative Region","Eastern Asia",NA,"Residuals","Cereals","t","Balance",2017,-11000
"HKG","China, Hong Kong Special Administrative Region","Eastern Asia",NA,"Residuals","Cereals","t","Balance",2018,-14000
"HKG","China, Hong Kong Special Administrative Region","Eastern Asia",NA,"Residuals","Cereals","t","Balance",2019,0
"HKG","China, Hong Kong Special Administrative Region","Eastern Asia",NA,"Residuals","Cereals","t","Balance",2020,2000
"HKG","China, Hong Kong Special Administrative Region","Eastern Asia",NA,"Residuals","Cereals","t","Balance",2021,0
"HKG","China, Hong Kong Special Administrative Region","Eastern Asia",NA,"Residuals","Cereals","t","Balance",2022,0
"HKG","China, Hong Kong Special Administrative Region","Eastern Asia",NA,"Residuals","Cereals","t","Balance",2023,0
"HKG","China, Hong Kong Special Administrative Region","Eastern Asia",NA,"Residuals","Dairy and eggs (excl. butter)","t","Balance",2010,-38000
"HKG","China, Hong Kong Special Administrative Region","Eastern Asia",NA,"Residuals","Dairy and eggs (excl. butter)","t","Balance",2011,-50000
"HKG","China, Hong Kong Special Administrative Region","Eastern Asia",NA,"Residuals","Dairy and eggs (excl. butter)","t","Balance",2012,-60000
"HKG","China, Hong Kong Special Administrative Region","Eastern Asia",NA,"Residuals","Dairy and eggs (excl. butter)","t","Balance",2013,0
"HKG","China, Hong Kong Special Administrative Region","Eastern Asia",NA,"Residuals","Dairy and eggs (excl. butter)","t","Balance",2014,-32000
"HKG","China, Hong Kong Special Administrative Region","Eastern Asia",NA,"Residuals","Dairy and eggs (excl. butter)","t","Balance",2015,-4000
"HKG","China, Hong Kong Special Administrative Region","Eastern Asia",NA,"Residuals","Dairy and eggs (excl. butter)","t","Balance",2016,-18000
"HKG","China, Hong Kong Special Administrative Region","Eastern Asia",NA,"Residuals","Dairy and eggs (excl. butter)","t","Balance",2017,-20000
"HKG","China, Hong Kong Special Administrative Region","Eastern Asia",NA,"Residuals","Dairy and eggs (excl. butter)","t","Balance",2018,-8000
"HKG","China, Hong Kong Special Administrative Region","Eastern Asia",NA,"Residuals","Dairy and eggs (excl. butter)","t","Balance",2019,-10000
"HKG","China, Hong Kong Special Administrative Region","Eastern Asia",NA,"Residuals","Dairy and eggs (excl. butter)","t","Balance",2020,0
"HKG","China, Hong Kong Special Administrative Region","Eastern Asia",NA,"Residuals","Dairy and eggs (excl. butter)","t","Balance",2021,0
"HKG","China, Hong Kong Special Administrative Region","Eastern Asia",NA,"Residuals","Dairy and eggs (excl. butter)","t","Balance",2022,0
"HKG","China, Hong Kong Special Administrative Region","Eastern Asia",NA,"Residuals","Dairy and eggs (excl. butter)","t","Balance",2023,0
"HKG","China, Hong Kong Special Administrative Region","Eastern Asia",NA,"Residuals","Fats and oils","t","Balance",2010,-5000
"HKG","China, Hong Kong Special Administrative Region","Eastern Asia",NA,"Residuals","Fats and oils","t","Balance",2011,-10000
"HKG","China, Hong Kong Special Administrative Region","Eastern Asia",NA,"Residuals","Fats and oils","t","Balance",2012,-7000
"HKG","China, Hong Kong Special Administrative Region","Eastern Asia",NA,"Residuals","Fats and oils","t","Balance",2013,-4000
"HKG","China, Hong Kong Special Administrative Region","Eastern Asia",NA,"Residuals","Fats and oils","t","Balance",2014,-3000
"HKG","China, Hong Kong Special Administrative Region","Eastern Asia",NA,"Residuals","Fats and oils","t","Balance",2015,-2000
"HKG","China, Hong Kong Special Administrative Region","Eastern Asia",NA,"Residuals","Fats and oils","t","Balance",2016,0
"HKG","China, Hong Kong Special Administrative Region","Eastern Asia",NA,"Residuals","Fats and oils","t","Balance",2017,0
"HKG","China, Hong Kong Special Administrative Region","Eastern Asia",NA,"Residuals","Fats and oils","t","Balance",2018,-3000
"HKG","China, Hong Kong Special Administrative Region","Eastern Asia",NA,"Residuals","Fats and oils","t","Balance",2019,0
"HKG","China, Hong Kong Special Administrative Region","Eastern Asia",NA,"Residuals","Fats and oils","t","Balance",2020,34000
"HKG","China, Hong Kong Special Administrative Region","Eastern Asia",NA,"Residuals","Fats and oils","t","Balance",2021,14000
"HKG","China, Hong Kong Special Administrative Region","Eastern Asia",NA,"Residuals","Fats and oils","t","Balance",2022,-2000
"HKG","China, Hong Kong Special Administrative Region","Eastern Asia",NA,"Residuals","Fats and oils","t","Balance",2023,-8000
"HKG","China, Hong Kong Special Administrative Region","Eastern Asia",NA,"Residuals","Fruits and vegetables","t","Balance",2010,0
"HKG","China, Hong Kong Special Administrative Region","Eastern Asia",NA,"Residuals","Fruits and vegetables","t","Balance",2011,0
"HKG","China, Hong Kong Special Administrative Region","Eastern Asia",NA,"Residuals","Fruits and vegetables","t","Balance",2012,0
"HKG","China, Hong Kong Special Administrative Region","Eastern Asia",NA,"Residuals","Fruits and vegetables","t","Balance",2013,0
"HKG","China, Hong Kong Special Administrative Region","Eastern Asia",NA,"Residuals","Fruits and vegetables","t","Balance",2014,-7000
"HKG","China, Hong Kong Special Administrative Region","Eastern Asia",NA,"Residuals","Fruits and vegetables","t","Balance",2015,-9000
"HKG","China, Hong Kong Special Administrative Region","Eastern Asia",NA,"Residuals","Fruits and vegetables","t","Balance",2016,-17000
"HKG","China, Hong Kong Special Administrative Region","Eastern Asia",NA,"Residuals","Fruits and vegetables","t","Balance",2017,-12000
"HKG","China, Hong Kong Special Administrative Region","Eastern Asia",NA,"Residuals","Fruits and vegetables","t","Balance",2018,4000
"HKG","China, Hong Kong Special Administrative Region","Eastern Asia",NA,"Residuals","Fruits and vegetables","t","Balance",2019,-3000
"HKG","China, Hong Kong Special Administrative Region","Eastern Asia",NA,"Residuals","Fruits and vegetables","t","Balance",2020,155000
"HKG","China, Hong Kong Special Administrative Region","Eastern Asia",NA,"Residuals","Fruits and vegetables","t","Balance",2021,153000
"HKG","China, Hong Kong Special Administrative Region","Eastern Asia",NA,"Residuals","Fruits and vegetables","t","Balance",2022,-13000
"HKG","China, Hong Kong Special Administrative Region","Eastern Asia",NA,"Residuals","Fruits and vegetables","t","Balance",2023,-9000
"HKG","China, Hong Kong Special Administrative Region","Eastern Asia",NA,"Residuals","Meat","t","Balance",2010,16000
"HKG","China, Hong Kong Special Administrative Region","Eastern Asia",NA,"Residuals","Meat","t","Balance",2011,98000
"HKG","China, Hong Kong Special Administrative Region","Eastern Asia",NA,"Residuals","Meat","t","Balance",2012,0
"HKG","China, Hong Kong Special Administrative Region","Eastern Asia",NA,"Residuals","Meat","t","Balance",2013,0
"HKG","China, Hong Kong Special Administrative Region","Eastern Asia",NA,"Residuals","Meat","t","Balance",2014,75000
"HKG","China, Hong Kong Special Administrative Region","Eastern Asia",NA,"Residuals","Meat","t","Balance",2015,57000
"HKG","China, Hong Kong Special Administrative Region","Eastern Asia",NA,"Residuals","Meat","t","Balance",2016,-21000
"HKG","China, Hong Kong Special Administrative Region","Eastern Asia",NA,"Residuals","Meat","t","Balance",2017,-213000
"HKG","China, Hong Kong Special Administrative Region","Eastern Asia",NA,"Residuals","Meat","t","Balance",2018,27000
"HKG","China, Hong Kong Special Administrative Region","Eastern Asia",NA,"Residuals","Meat","t","Balance",2019,0
"HKG","China, Hong Kong Special Administrative Region","Eastern Asia",NA,"Residuals","Meat","t","Balance",2020,729000
"HKG","China, Hong Kong Special Administrative Region","Eastern Asia",NA,"Residuals","Meat","t","Balance",2021,448000
"HKG","China, Hong Kong Special Administrative Region","Eastern Asia",NA,"Residuals","Meat","t","Balance",2022,-1000
"HKG","China, Hong Kong Special Administrative Region","Eastern Asia",NA,"Residuals","Meat","t","Balance",2023,-15000
"HKG","China, Hong Kong Special Administrative Region","Eastern Asia",NA,"Residuals","Pulses","t","Balance",2010,0
"HKG","China, Hong Kong Special Administrative Region","Eastern Asia",NA,"Residuals","Pulses","t","Balance",2011,0
"HKG","China, Hong Kong Special Administrative Region","Eastern Asia",NA,"Residuals","Pulses","t","Balance",2012,0
"HKG","China, Hong Kong Special Administrative Region","Eastern Asia",NA,"Residuals","Pulses","t","Balance",2013,0
"HKG","China, Hong Kong Special Administrative Region","Eastern Asia",NA,"Residuals","Pulses","t","Balance",2014,0
"HKG","China, Hong Kong Special Administrative Region","Eastern Asia",NA,"Residuals","Pulses","t","Balance",2015,0
"HKG","China, Hong Kong Special Administrative Region","Eastern Asia",NA,"Residuals","Pulses","t","Balance",2016,0
"HKG","China, Hong Kong Special Administrative Region","Eastern Asia",NA,"Residuals","Pulses","t","Balance",2017,0
"HKG","China, Hong Kong Special Administrative Region","Eastern Asia",NA,"Residuals","Pulses","t","Balance",2018,0
"HKG","China, Hong Kong Special Administrative Region","Eastern Asia",NA,"Residuals","Pulses","t","Balance",2019,0
"HKG","China, Hong Kong Special Administrative Region","Eastern Asia",NA,"Residuals","Pulses","t","Balance",2020,0
"HKG","China, Hong Kong Special Administrative Region","Eastern Asia",NA,"Residuals","Pulses","t","Balance",2021,0
"HKG","China, Hong Kong Special Administrative Region","Eastern Asia",NA,"Residuals","Pulses","t","Balance",2022,0
"HKG","China, Hong Kong Special Administrative Region","Eastern Asia",NA,"Residuals","Pulses","t","Balance",2023,0
"HKG","China, Hong Kong Special Administrative Region","Eastern Asia",NA,"Residuals","Starchy roots","t","Balance",2010,-5000
"HKG","China, Hong Kong Special Administrative Region","Eastern Asia",NA,"Residuals","Starchy roots","t","Balance",2011,-3000
"HKG","China, Hong Kong Special Administrative Region","Eastern Asia",NA,"Residuals","Starchy roots","t","Balance",2012,0
"HKG","China, Hong Kong Special Administrative Region","Eastern Asia",NA,"Residuals","Starchy roots","t","Balance",2013,0
"HKG","China, Hong Kong Special Administrative Region","Eastern Asia",NA,"Residuals","Starchy roots","t","Balance",2014,-8000
"HKG","China, Hong Kong Special Administrative Region","Eastern Asia",NA,"Residuals","Starchy roots","t","Balance",2015,-11000
"HKG","China, Hong Kong Special Administrative Region","Eastern Asia",NA,"Residuals","Starchy roots","t","Balance",2016,-9000
"HKG","China, Hong Kong Special Administrative Region","Eastern Asia",NA,"Residuals","Starchy roots","t","Balance",2017,-9000
"HKG","China, Hong Kong Special Administrative Region","Eastern Asia",NA,"Residuals","Starchy roots","t","Balance",2018,-9000
"HKG","China, Hong Kong Special Administrative Region","Eastern Asia",NA,"Residuals","Starchy roots","t","Balance",2019,0
"HKG","China, Hong Kong Special Administrative Region","Eastern Asia",NA,"Residuals","Starchy roots","t","Balance",2020,0
"HKG","China, Hong Kong Special Administrative Region","Eastern Asia",NA,"Residuals","Starchy roots","t","Balance",2021,0
"HKG","China, Hong Kong Special Administrative Region","Eastern Asia",NA,"Residuals","Starchy roots","t","Balance",2022,0
"HKG","China, Hong Kong Special Administrative Region","Eastern Asia",NA,"Residuals","Starchy roots","t","Balance",2023,0
"HKG","China, Hong Kong Special Administrative Region","Eastern Asia",NA,"Residuals","Sugar","t","Balance",2010,0
"HKG","China, Hong Kong Special Administrative Region","Eastern Asia",NA,"Residuals","Sugar","t","Balance",2011,0
"HKG","China, Hong Kong Special Administrative Region","Eastern Asia",NA,"Residuals","Sugar","t","Balance",2012,0
"HKG","China, Hong Kong Special Administrative Region","Eastern Asia",NA,"Residuals","Sugar","t","Balance",2013,0
"HKG","China, Hong Kong Special Administrative Region","Eastern Asia",NA,"Residuals","Sugar","t","Balance",2014,0
"HKG","China, Hong Kong Special Administrative Region","Eastern Asia",NA,"Residuals","Sugar","t","Balance",2015,0
"HKG","China, Hong Kong Special Administrative Region","Eastern Asia",NA,"Residuals","Sugar","t","Balance",2016,0
"HKG","China, Hong Kong Special Administrative Region","Eastern Asia",NA,"Residuals","Sugar","t","Balance",2017,0
"HKG","China, Hong Kong Special Administrative Region","Eastern Asia",NA,"Residuals","Sugar","t","Balance",2018,0
"HKG","China, Hong Kong Special Administrative Region","Eastern Asia",NA,"Residuals","Sugar","t","Balance",2019,0
"HKG","China, Hong Kong Special Administrative Region","Eastern Asia",NA,"Residuals","Sugar","t","Balance",2020,4000
"HKG","China, Hong Kong Special Administrative Region","Eastern Asia",NA,"Residuals","Sugar","t","Balance",2021,3000
"HKG","China, Hong Kong Special Administrative Region","Eastern Asia",NA,"Residuals","Sugar","t","Balance",2022,0
"HKG","China, Hong Kong Special Administrative Region","Eastern Asia",NA,"Residuals","Sugar","t","Balance",2023,0
"HKG","China, Hong Kong Special Administrative Region","Eastern Asia",NA,"Seed","Cereals","t","Balance",2010,0
"HKG","China, Hong Kong Special Administrative Region","Eastern Asia",NA,"Seed","Cereals","t","Balance",2011,0
"HKG","China, Hong Kong Special Administrative Region","Eastern Asia",NA,"Seed","Cereals","t","Balance",2012,0
"HKG","China, Hong Kong Special Administrative Region","Eastern Asia",NA,"Seed","Cereals","t","Balance",2013,0
"HKG","China, Hong Kong Special Administrative Region","Eastern Asia",NA,"Seed","Cereals","t","Balance",2014,0
"HKG","China, Hong Kong Special Administrative Region","Eastern Asia",NA,"Seed","Cereals","t","Balance",2015,0
"HKG","China, Hong Kong Special Administrative Region","Eastern Asia",NA,"Seed","Cereals","t","Balance",2016,0
"HKG","China, Hong Kong Special Administrative Region","Eastern Asia",NA,"Seed","Cereals","t","Balance",2017,0
"HKG","China, Hong Kong Special Administrative Region","Eastern Asia",NA,"Seed","Cereals","t","Balance",2018,0
"HKG","China, Hong Kong Special Administrative Region","Eastern Asia",NA,"Seed","Cereals","t","Balance",2019,0
"HKG","China, Hong Kong Special Administrative Region","Eastern Asia",NA,"Seed","Cereals","t","Balance",2020,0
"HKG","China, Hong Kong Special Administrative Region","Eastern Asia",NA,"Seed","Cereals","t","Balance",2021,0
"HKG","China, Hong Kong Special Administrative Region","Eastern Asia",NA,"Seed","Cereals","t","Balance",2022,0
"HKG","China, Hong Kong Special Administrative Region","Eastern Asia",NA,"Seed","Cereals","t","Balance",2023,0
"HKG","China, Hong Kong Special Administrative Region","Eastern Asia",NA,"Seed","Fish and seafood","t","Balance",2010,3000
"HKG","China, Hong Kong Special Administrative Region","Eastern Asia",NA,"Seed","Fish and seafood","t","Balance",2011,3000
"HKG","China, Hong Kong Special Administrative Region","Eastern Asia",NA,"Seed","Fish and seafood","t","Balance",2012,2000
"HKG","China, Hong Kong Special Administrative Region","Eastern Asia",NA,"Seed","Fish and seafood","t","Balance",2013,1000
"HKG","China, Hong Kong Special Administrative Region","Eastern Asia",NA,"Seed","Fish and seafood","t","Balance",2014,1000
"HKG","China, Hong Kong Special Administrative Region","Eastern Asia",NA,"Seed","Fish and seafood","t","Balance",2015,3000
"HKG","China, Hong Kong Special Administrative Region","Eastern Asia",NA,"Seed","Fish and seafood","t","Balance",2016,3000
"HKG","China, Hong Kong Special Administrative Region","Eastern Asia",NA,"Seed","Fish and seafood","t","Balance",2017,1000
"HKG","China, Hong Kong Special Administrative Region","Eastern Asia",NA,"Seed","Fish and seafood","t","Balance",2018,1000
"HKG","China, Hong Kong Special Administrative Region","Eastern Asia",NA,"Seed","Fish and seafood","t","Balance",2019,0
"HKG","China, Hong Kong Special Administrative Region","Eastern Asia",NA,"Seed","Fish and seafood","t","Balance",2020,0
"HKG","China, Hong Kong Special Administrative Region","Eastern Asia",NA,"Seed","Fish and seafood","t","Balance",2021,0
"HKG","China, Hong Kong Special Administrative Region","Eastern Asia",NA,"Seed","Fish and seafood","t","Balance",2022,0
"HKG","China, Hong Kong Special Administrative Region","Eastern Asia",NA,"Seed","Fish and seafood","t","Balance",2023,0
"HKG","China, Hong Kong Special Administrative Region","Eastern Asia",NA,"Stock Variation","Beverages and other","t","Balance",2010,-18000
"HKG","China, Hong Kong Special Administrative Region","Eastern Asia",NA,"Stock Variation","Beverages and other","t","Balance",2011,7000
"HKG","China, Hong Kong Special Administrative Region","Eastern Asia",NA,"Stock Variation","Beverages and other","t","Balance",2012,39000
"HKG","China, Hong Kong Special Administrative Region","Eastern Asia",NA,"Stock Variation","Beverages and other","t","Balance",2013,25000
"HKG","China, Hong Kong Special Administrative Region","Eastern Asia",NA,"Stock Variation","Beverages and other","t","Balance",2014,55000
"HKG","China, Hong Kong Special Administrative Region","Eastern Asia",NA,"Stock Variation","Beverages and other","t","Balance",2015,105000
"HKG","China, Hong Kong Special Administrative Region","Eastern Asia",NA,"Stock Variation","Beverages and other","t","Balance",2016,253000
"HKG","China, Hong Kong Special Administrative Region","Eastern Asia",NA,"Stock Variation","Beverages and other","t","Balance",2017,262000
"HKG","China, Hong Kong Special Administrative Region","Eastern Asia",NA,"Stock Variation","Beverages and other","t","Balance",2018,71000
"HKG","China, Hong Kong Special Administrative Region","Eastern Asia",NA,"Stock Variation","Beverages and other","t","Balance",2019,114000
"HKG","China, Hong Kong Special Administrative Region","Eastern Asia",NA,"Stock Variation","Beverages and other","t","Balance",2020,179000
"HKG","China, Hong Kong Special Administrative Region","Eastern Asia",NA,"Stock Variation","Beverages and other","t","Balance",2021,6000
"HKG","China, Hong Kong Special Administrative Region","Eastern Asia",NA,"Stock Variation","Beverages and other","t","Balance",2022,-20000
"HKG","China, Hong Kong Special Administrative Region","Eastern Asia",NA,"Stock Variation","Beverages and other","t","Balance",2023,4000
"HKG","China, Hong Kong Special Administrative Region","Eastern Asia",NA,"Stock Variation","Cereals","t","Balance",2010,2000
"HKG","China, Hong Kong Special Administrative Region","Eastern Asia",NA,"Stock Variation","Cereals","t","Balance",2011,2000
"HKG","China, Hong Kong Special Administrative Region","Eastern Asia",NA,"Stock Variation","Cereals","t","Balance",2012,2000
"HKG","China, Hong Kong Special Administrative Region","Eastern Asia",NA,"Stock Variation","Cereals","t","Balance",2013,1000
"HKG","China, Hong Kong Special Administrative Region","Eastern Asia",NA,"Stock Variation","Cereals","t","Balance",2014,21000
"HKG","China, Hong Kong Special Administrative Region","Eastern Asia",NA,"Stock Variation","Cereals","t","Balance",2015,9000
"HKG","China, Hong Kong Special Administrative Region","Eastern Asia",NA,"Stock Variation","Cereals","t","Balance",2016,14000
"HKG","China, Hong Kong Special Administrative Region","Eastern Asia",NA,"Stock Variation","Cereals","t","Balance",2017,0
"HKG","China, Hong Kong Special Administrative Region","Eastern Asia",NA,"Stock Variation","Cereals","t","Balance",2018,-3000
"HKG","China, Hong Kong Special Administrative Region","Eastern Asia",NA,"Stock Variation","Cereals","t","Balance",2019,1000
"HKG","China, Hong Kong Special Administrative Region","Eastern Asia",NA,"Stock Variation","Cereals","t","Balance",2020,0
"HKG","China, Hong Kong Special Administrative Region","Eastern Asia",NA,"Stock Variation","Cereals","t","Balance",2021,1000
"HKG","China, Hong Kong Special Administrative Region","Eastern Asia",NA,"Stock Variation","Cereals","t","Balance",2022,-13000
"HKG","China, Hong Kong Special Administrative Region","Eastern Asia",NA,"Stock Variation","Cereals","t","Balance",2023,1000
"HKG","China, Hong Kong Special Administrative Region","Eastern Asia",NA,"Stock Variation","Dairy and eggs (excl. butter)","t","Balance",2010,-200000
"HKG","China, Hong Kong Special Administrative Region","Eastern Asia",NA,"Stock Variation","Dairy and eggs (excl. butter)","t","Balance",2011,-76000
"HKG","China, Hong Kong Special Administrative Region","Eastern Asia",NA,"Stock Variation","Dairy and eggs (excl. butter)","t","Balance",2012,110000
"HKG","China, Hong Kong Special Administrative Region","Eastern Asia",NA,"Stock Variation","Dairy and eggs (excl. butter)","t","Balance",2013,48000
"HKG","China, Hong Kong Special Administrative Region","Eastern Asia",NA,"Stock Variation","Dairy and eggs (excl. butter)","t","Balance",2014,258000
"HKG","China, Hong Kong Special Administrative Region","Eastern Asia",NA,"Stock Variation","Dairy and eggs (excl. butter)","t","Balance",2015,44000
"HKG","China, Hong Kong Special Administrative Region","Eastern Asia",NA,"Stock Variation","Dairy and eggs (excl. butter)","t","Balance",2016,80000
"HKG","China, Hong Kong Special Administrative Region","Eastern Asia",NA,"Stock Variation","Dairy and eggs (excl. butter)","t","Balance",2017,-106000
"HKG","China, Hong Kong Special Administrative Region","Eastern Asia",NA,"Stock Variation","Dairy and eggs (excl. butter)","t","Balance",2018,-60000
"HKG","China, Hong Kong Special Administrative Region","Eastern Asia",NA,"Stock Variation","Dairy and eggs (excl. butter)","t","Balance",2019,0
"HKG","China, Hong Kong Special Administrative Region","Eastern Asia",NA,"Stock Variation","Dairy and eggs (excl. butter)","t","Balance",2020,-200000
"HKG","China, Hong Kong Special Administrative Region","Eastern Asia",NA,"Stock Variation","Dairy and eggs (excl. butter)","t","Balance",2021,-100000
"HKG","China, Hong Kong Special Administrative Region","Eastern Asia",NA,"Stock Variation","Dairy and eggs (excl. butter)","t","Balance",2022,-134000
"HKG","China, Hong Kong Special Administrative Region","Eastern Asia",NA,"Stock Variation","Dairy and eggs (excl. butter)","t","Balance",2023,-6000
"HKG","China, Hong Kong Special Administrative Region","Eastern Asia",NA,"Stock Variation","Fats and oils","t","Balance",2010,-7000
"HKG","China, Hong Kong Special Administrative Region","Eastern Asia",NA,"Stock Variation","Fats and oils","t","Balance",2011,-3000
"HKG","China, Hong Kong Special Administrative Region","Eastern Asia",NA,"Stock Variation","Fats and oils","t","Balance",2012,3000
"HKG","China, Hong Kong Special Administrative Region","Eastern Asia",NA,"Stock Variation","Fats and oils","t","Balance",2013,-1000
"HKG","China, Hong Kong Special Administrative Region","Eastern Asia",NA,"Stock Variation","Fats and oils","t","Balance",2014,52000
"HKG","China, Hong Kong Special Administrative Region","Eastern Asia",NA,"Stock Variation","Fats and oils","t","Balance",2015,9000
"HKG","China, Hong Kong Special Administrative Region","Eastern Asia",NA,"Stock Variation","Fats and oils","t","Balance",2016,21000
"HKG","China, Hong Kong Special Administrative Region","Eastern Asia",NA,"Stock Variation","Fats and oils","t","Balance",2017,9000
"HKG","China, Hong Kong Special Administrative Region","Eastern Asia",NA,"Stock Variation","Fats and oils","t","Balance",2018,2000
"HKG","China, Hong Kong Special Administrative Region","Eastern Asia",NA,"Stock Variation","Fats and oils","t","Balance",2019,8000
"HKG","China, Hong Kong Special Administrative Region","Eastern Asia",NA,"Stock Variation","Fats and oils","t","Balance",2020,-6000
"HKG","China, Hong Kong Special Administrative Region","Eastern Asia",NA,"Stock Variation","Fats and oils","t","Balance",2021,10000
"HKG","China, Hong Kong Special Administrative Region","Eastern Asia",NA,"Stock Variation","Fats and oils","t","Balance",2022,-4000
"HKG","China, Hong Kong Special Administrative Region","Eastern Asia",NA,"Stock Variation","Fats and oils","t","Balance",2023,-13000
"HKG","China, Hong Kong Special Administrative Region","Eastern Asia",NA,"Stock Variation","Fish and seafood","t","Balance",2010,0
"HKG","China, Hong Kong Special Administrative Region","Eastern Asia",NA,"Stock Variation","Fish and seafood","t","Balance",2011,9000
"HKG","China, Hong Kong Special Administrative Region","Eastern Asia",NA,"Stock Variation","Fish and seafood","t","Balance",2012,-1000
"HKG","China, Hong Kong Special Administrative Region","Eastern Asia",NA,"Stock Variation","Fish and seafood","t","Balance",2013,-14000
"HKG","China, Hong Kong Special Administrative Region","Eastern Asia",NA,"Stock Variation","Fish and seafood","t","Balance",2014,0
"HKG","China, Hong Kong Special Administrative Region","Eastern Asia",NA,"Stock Variation","Fish and seafood","t","Balance",2015,4000
"HKG","China, Hong Kong Special Administrative Region","Eastern Asia",NA,"Stock Variation","Fish and seafood","t","Balance",2016,3000
"HKG","China, Hong Kong Special Administrative Region","Eastern Asia",NA,"Stock Variation","Fish and seafood","t","Balance",2017,-7000
"HKG","China, Hong Kong Special Administrative Region","Eastern Asia",NA,"Stock Variation","Fish and seafood","t","Balance",2018,0
"HKG","China, Hong Kong Special Administrative Region","Eastern Asia",NA,"Stock Variation","Fish and seafood","t","Balance",2019,0
"HKG","China, Hong Kong Special Administrative Region","Eastern Asia",NA,"Stock Variation","Fish and seafood","t","Balance",2020,0
"HKG","China, Hong Kong Special Administrative Region","Eastern Asia",NA,"Stock Variation","Fish and seafood","t","Balance",2021,0
"HKG","China, Hong Kong Special Administrative Region","Eastern Asia",NA,"Stock Variation","Fish and seafood","t","Balance",2022,0
"HKG","China, Hong Kong Special Administrative Region","Eastern Asia",NA,"Stock Variation","Fish and seafood","t","Balance",2023,0
"HKG","China, Hong Kong Special Administrative Region","Eastern Asia",NA,"Stock Variation","Fruits and vegetables","t","Balance",2010,-30000
"HKG","China, Hong Kong Special Administrative Region","Eastern Asia",NA,"Stock Variation","Fruits and vegetables","t","Balance",2011,-12000
"HKG","China, Hong Kong Special Administrative Region","Eastern Asia",NA,"Stock Variation","Fruits and vegetables","t","Balance",2012,-1000
"HKG","China, Hong Kong Special Administrative Region","Eastern Asia",NA,"Stock Variation","Fruits and vegetables","t","Balance",2013,52000
"HKG","China, Hong Kong Special Administrative Region","Eastern Asia",NA,"Stock Variation","Fruits and vegetables","t","Balance",2014,152000
"HKG","China, Hong Kong Special Administrative Region","Eastern Asia",NA,"Stock Variation","Fruits and vegetables","t","Balance",2015,251000
"HKG","China, Hong Kong Special Administrative Region","Eastern Asia",NA,"Stock Variation","Fruits and vegetables","t","Balance",2016,284000
"HKG","China, Hong Kong Special Administrative Region","Eastern Asia",NA,"Stock Variation","Fruits and vegetables","t","Balance",2017,172000
"HKG","China, Hong Kong Special Administrative Region","Eastern Asia",NA,"Stock Variation","Fruits and vegetables","t","Balance",2018,102000
"HKG","China, Hong Kong Special Administrative Region","Eastern Asia",NA,"Stock Variation","Fruits and vegetables","t","Balance",2019,133000
"HKG","China, Hong Kong Special Administrative Region","Eastern Asia",NA,"Stock Variation","Fruits and vegetables","t","Balance",2020,47000
"HKG","China, Hong Kong Special Administrative Region","Eastern Asia",NA,"Stock Variation","Fruits and vegetables","t","Balance",2021,22000
"HKG","China, Hong Kong Special Administrative Region","Eastern Asia",NA,"Stock Variation","Fruits and vegetables","t","Balance",2022,-35000
"HKG","China, Hong Kong Special Administrative Region","Eastern Asia",NA,"Stock Variation","Fruits and vegetables","t","Balance",2023,4000
"HKG","China, Hong Kong Special Administrative Region","Eastern Asia",NA,"Stock Variation","Meat","t","Balance",2010,-27000
"HKG","China, Hong Kong Special Administrative Region","Eastern Asia",NA,"Stock Variation","Meat","t","Balance",2011,34000
"HKG","China, Hong Kong Special Administrative Region","Eastern Asia",NA,"Stock Variation","Meat","t","Balance",2012,23000
"HKG","China, Hong Kong Special Administrative Region","Eastern Asia",NA,"Stock Variation","Meat","t","Balance",2013,-5000
"HKG","China, Hong Kong Special Administrative Region","Eastern Asia",NA,"Stock Variation","Meat","t","Balance",2014,196000
"HKG","China, Hong Kong Special Administrative Region","Eastern Asia",NA,"Stock Variation","Meat","t","Balance",2015,33000
"HKG","China, Hong Kong Special Administrative Region","Eastern Asia",NA,"Stock Variation","Meat","t","Balance",2016,-17000
"HKG","China, Hong Kong Special Administrative Region","Eastern Asia",NA,"Stock Variation","Meat","t","Balance",2017,37000
"HKG","China, Hong Kong Special Administrative Region","Eastern Asia",NA,"Stock Variation","Meat","t","Balance",2018,-98000
"HKG","China, Hong Kong Special Administrative Region","Eastern Asia",NA,"Stock Variation","Meat","t","Balance",2019,-52000
"HKG","China, Hong Kong Special Administrative Region","Eastern Asia",NA,"Stock Variation","Meat","t","Balance",2020,99000
"HKG","China, Hong Kong Special Administrative Region","Eastern Asia",NA,"Stock Variation","Meat","t","Balance",2021,6000
"HKG","China, Hong Kong Special Administrative Region","Eastern Asia",NA,"Stock Variation","Meat","t","Balance",2022,-70000
"HKG","China, Hong Kong Special Administrative Region","Eastern Asia",NA,"Stock Variation","Meat","t","Balance",2023,-29000
"HKG","China, Hong Kong Special Administrative Region","Eastern Asia",NA,"Stock Variation","Pulses","t","Balance",2010,-1000
"HKG","China, Hong Kong Special Administrative Region","Eastern Asia",NA,"Stock Variation","Pulses","t","Balance",2011,-1000
"HKG","China, Hong Kong Special Administrative Region","Eastern Asia",NA,"Stock Variation","Pulses","t","Balance",2012,0
"HKG","China, Hong Kong Special Administrative Region","Eastern Asia",NA,"Stock Variation","Pulses","t","Balance",2013,-1000
"HKG","China, Hong Kong Special Administrative Region","Eastern Asia",NA,"Stock Variation","Pulses","t","Balance",2014,-1000
"HKG","China, Hong Kong Special Administrative Region","Eastern Asia",NA,"Stock Variation","Pulses","t","Balance",2015,0
"HKG","China, Hong Kong Special Administrative Region","Eastern Asia",NA,"Stock Variation","Pulses","t","Balance",2016,0
"HKG","China, Hong Kong Special Administrative Region","Eastern Asia",NA,"Stock Variation","Pulses","t","Balance",2017,0
"HKG","China, Hong Kong Special Administrative Region","Eastern Asia",NA,"Stock Variation","Pulses","t","Balance",2018,0
"HKG","China, Hong Kong Special Administrative Region","Eastern Asia",NA,"Stock Variation","Pulses","t","Balance",2019,0
"HKG","China, Hong Kong Special Administrative Region","Eastern Asia",NA,"Stock Variation","Pulses","t","Balance",2020,0
"HKG","China, Hong Kong Special Administrative Region","Eastern Asia",NA,"Stock Variation","Pulses","t","Balance",2021,0
"HKG","China, Hong Kong Special Administrative Region","Eastern Asia",NA,"Stock Variation","Pulses","t","Balance",2022,0
"HKG","China, Hong Kong Special Administrative Region","Eastern Asia",NA,"Stock Variation","Pulses","t","Balance",2023,0
"HKG","China, Hong Kong Special Administrative Region","Eastern Asia",NA,"Stock Variation","Starchy roots","t","Balance",2010,2000
"HKG","China, Hong Kong Special Administrative Region","Eastern Asia",NA,"Stock Variation","Starchy roots","t","Balance",2011,5000
"HKG","China, Hong Kong Special Administrative Region","Eastern Asia",NA,"Stock Variation","Starchy roots","t","Balance",2012,-3000
"HKG","China, Hong Kong Special Administrative Region","Eastern Asia",NA,"Stock Variation","Starchy roots","t","Balance",2013,-4000
"HKG","China, Hong Kong Special Administrative Region","Eastern Asia",NA,"Stock Variation","Starchy roots","t","Balance",2014,4000
"HKG","China, Hong Kong Special Administrative Region","Eastern Asia",NA,"Stock Variation","Starchy roots","t","Balance",2015,7000
"HKG","China, Hong Kong Special Administrative Region","Eastern Asia",NA,"Stock Variation","Starchy roots","t","Balance",2016,6000
"HKG","China, Hong Kong Special Administrative Region","Eastern Asia",NA,"Stock Variation","Starchy roots","t","Balance",2017,13000
"HKG","China, Hong Kong Special Administrative Region","Eastern Asia",NA,"Stock Variation","Starchy roots","t","Balance",2018,43000
"HKG","China, Hong Kong Special Administrative Region","Eastern Asia",NA,"Stock Variation","Starchy roots","t","Balance",2019,16000
"HKG","China, Hong Kong Special Administrative Region","Eastern Asia",NA,"Stock Variation","Starchy roots","t","Balance",2020,6000
"HKG","China, Hong Kong Special Administrative Region","Eastern Asia",NA,"Stock Variation","Starchy roots","t","Balance",2021,8000
"HKG","China, Hong Kong Special Administrative Region","Eastern Asia",NA,"Stock Variation","Starchy roots","t","Balance",2022,11000
"HKG","China, Hong Kong Special Administrative Region","Eastern Asia",NA,"Stock Variation","Starchy roots","t","Balance",2023,6000
"HKG","China, Hong Kong Special Administrative Region","Eastern Asia",NA,"Stock Variation","Sugar","t","Balance",2010,15000
"HKG","China, Hong Kong Special Administrative Region","Eastern Asia",NA,"Stock Variation","Sugar","t","Balance",2011,26000
"HKG","China, Hong Kong Special Administrative Region","Eastern Asia",NA,"Stock Variation","Sugar","t","Balance",2012,23000
"HKG","China, Hong Kong Special Administrative Region","Eastern Asia",NA,"Stock Variation","Sugar","t","Balance",2013,16000
"HKG","China, Hong Kong Special Administrative Region","Eastern Asia",NA,"Stock Variation","Sugar","t","Balance",2014,37000
"HKG","China, Hong Kong Special Administrative Region","Eastern Asia",NA,"Stock Variation","Sugar","t","Balance",2015,13000
"HKG","China, Hong Kong Special Administrative Region","Eastern Asia",NA,"Stock Variation","Sugar","t","Balance",2016,11000
"HKG","China, Hong Kong Special Administrative Region","Eastern Asia",NA,"Stock Variation","Sugar","t","Balance",2017,6000
"HKG","China, Hong Kong Special Administrative Region","Eastern Asia",NA,"Stock Variation","Sugar","t","Balance",2018,-46000
"HKG","China, Hong Kong Special Administrative Region","Eastern Asia",NA,"Stock Variation","Sugar","t","Balance",2019,32000
"HKG","China, Hong Kong Special Administrative Region","Eastern Asia",NA,"Stock Variation","Sugar","t","Balance",2020,10000
"HKG","China, Hong Kong Special Administrative Region","Eastern Asia",NA,"Stock Variation","Sugar","t","Balance",2021,32000
"HKG","China, Hong Kong Special Administrative Region","Eastern Asia",NA,"Stock Variation","Sugar","t","Balance",2022,-6000
"HKG","China, Hong Kong Special Administrative Region","Eastern Asia",NA,"Stock Variation","Sugar","t","Balance",2023,-9000
"HKG","China, Hong Kong Special Administrative Region","Eastern Asia",NA,"Tourist consumption","Beverages and other","t","Balance",2010,28000
"HKG","China, Hong Kong Special Administrative Region","Eastern Asia",NA,"Tourist consumption","Beverages and other","t","Balance",2011,25000
"HKG","China, Hong Kong Special Administrative Region","Eastern Asia",NA,"Tourist consumption","Beverages and other","t","Balance",2012,30000
"HKG","China, Hong Kong Special Administrative Region","Eastern Asia",NA,"Tourist consumption","Beverages and other","t","Balance",2013,30000
"HKG","China, Hong Kong Special Administrative Region","Eastern Asia",NA,"Tourist consumption","Beverages and other","t","Balance",2014,24000
"HKG","China, Hong Kong Special Administrative Region","Eastern Asia",NA,"Tourist consumption","Beverages and other","t","Balance",2015,28000
"HKG","China, Hong Kong Special Administrative Region","Eastern Asia",NA,"Tourist consumption","Beverages and other","t","Balance",2016,34000
"HKG","China, Hong Kong Special Administrative Region","Eastern Asia",NA,"Tourist consumption","Beverages and other","t","Balance",2017,32000
"HKG","China, Hong Kong Special Administrative Region","Eastern Asia",NA,"Tourist consumption","Beverages and other","t","Balance",2018,39000
"HKG","China, Hong Kong Special Administrative Region","Eastern Asia",NA,"Tourist consumption","Beverages and other","t","Balance",2019,42000
"HKG","China, Hong Kong Special Administrative Region","Eastern Asia",NA,"Tourist consumption","Beverages and other","t","Balance",2020,0
"HKG","China, Hong Kong Special Administrative Region","Eastern Asia",NA,"Tourist consumption","Beverages and other","t","Balance",2021,0
"HKG","China, Hong Kong Special Administrative Region","Eastern Asia",NA,"Tourist consumption","Beverages and other","t","Balance",2022,40000
"HKG","China, Hong Kong Special Administrative Region","Eastern Asia",NA,"Tourist consumption","Beverages and other","t","Balance",2023,74000
"HKG","China, Hong Kong Special Administrative Region","Eastern Asia",NA,"Tourist consumption","Cereals","t","Balance",2010,28000
"HKG","China, Hong Kong Special Administrative Region","Eastern Asia",NA,"Tourist consumption","Cereals","t","Balance",2011,30000
"HKG","China, Hong Kong Special Administrative Region","Eastern Asia",NA,"Tourist consumption","Cereals","t","Balance",2012,30000
"HKG","China, Hong Kong Special Administrative Region","Eastern Asia",NA,"Tourist consumption","Cereals","t","Balance",2013,30000
"HKG","China, Hong Kong Special Administrative Region","Eastern Asia",NA,"Tourist consumption","Cereals","t","Balance",2014,28000
"HKG","China, Hong Kong Special Administrative Region","Eastern Asia",NA,"Tourist consumption","Cereals","t","Balance",2015,26000
"HKG","China, Hong Kong Special Administrative Region","Eastern Asia",NA,"Tourist consumption","Cereals","t","Balance",2016,25000
"HKG","China, Hong Kong Special Administrative Region","Eastern Asia",NA,"Tourist consumption","Cereals","t","Balance",2017,25000
"HKG","China, Hong Kong Special Administrative Region","Eastern Asia",NA,"Tourist consumption","Cereals","t","Balance",2018,26000
"HKG","China, Hong Kong Special Administrative Region","Eastern Asia",NA,"Tourist consumption","Cereals","t","Balance",2019,24000
"HKG","China, Hong Kong Special Administrative Region","Eastern Asia",NA,"Tourist consumption","Cereals","t","Balance",2020,0
"HKG","China, Hong Kong Special Administrative Region","Eastern Asia",NA,"Tourist consumption","Cereals","t","Balance",2021,0
"HKG","China, Hong Kong Special Administrative Region","Eastern Asia",NA,"Tourist consumption","Cereals","t","Balance",2022,12000
"HKG","China, Hong Kong Special Administrative Region","Eastern Asia",NA,"Tourist consumption","Cereals","t","Balance",2023,22000
"HKG","China, Hong Kong Special Administrative Region","Eastern Asia",NA,"Tourist consumption","Dairy and eggs (excl. butter)","t","Balance",2010,66000
"HKG","China, Hong Kong Special Administrative Region","Eastern Asia",NA,"Tourist consumption","Dairy and eggs (excl. butter)","t","Balance",2011,82000
"HKG","China, Hong Kong Special Administrative Region","Eastern Asia",NA,"Tourist consumption","Dairy and eggs (excl. butter)","t","Balance",2012,100000
"HKG","China, Hong Kong Special Administrative Region","Eastern Asia",NA,"Tourist consumption","Dairy and eggs (excl. butter)","t","Balance",2013,96000
"HKG","China, Hong Kong Special Administrative Region","Eastern Asia",NA,"Tourist consumption","Dairy and eggs (excl. butter)","t","Balance",2014,112000
"HKG","China, Hong Kong Special Administrative Region","Eastern Asia",NA,"Tourist consumption","Dairy and eggs (excl. butter)","t","Balance",2015,96000
"HKG","China, Hong Kong Special Administrative Region","Eastern Asia",NA,"Tourist consumption","Dairy and eggs (excl. butter)","t","Balance",2016,102000
"HKG","China, Hong Kong Special Administrative Region","Eastern Asia",NA,"Tourist consumption","Dairy and eggs (excl. butter)","t","Balance",2017,84000
"HKG","China, Hong Kong Special Administrative Region","Eastern Asia",NA,"Tourist consumption","Dairy and eggs (excl. butter)","t","Balance",2018,96000
"HKG","China, Hong Kong Special Administrative Region","Eastern Asia",NA,"Tourist consumption","Dairy and eggs (excl. butter)","t","Balance",2019,88000
"HKG","China, Hong Kong Special Administrative Region","Eastern Asia",NA,"Tourist consumption","Dairy and eggs (excl. butter)","t","Balance",2020,0
"HKG","China, Hong Kong Special Administrative Region","Eastern Asia",NA,"Tourist consumption","Dairy and eggs (excl. butter)","t","Balance",2021,0
"HKG","China, Hong Kong Special Administrative Region","Eastern Asia",NA,"Tourist consumption","Dairy and eggs (excl. butter)","t","Balance",2022,30000
"HKG","China, Hong Kong Special Administrative Region","Eastern Asia",NA,"Tourist consumption","Dairy and eggs (excl. butter)","t","Balance",2023,48000
"HKG","China, Hong Kong Special Administrative Region","Eastern Asia",NA,"Tourist consumption","Fats and oils","t","Balance",2010,38000
"HKG","China, Hong Kong Special Administrative Region","Eastern Asia",NA,"Tourist consumption","Fats and oils","t","Balance",2011,34000
"HKG","China, Hong Kong Special Administrative Region","Eastern Asia",NA,"Tourist consumption","Fats and oils","t","Balance",2012,33000
"HKG","China, Hong Kong Special Administrative Region","Eastern Asia",NA,"Tourist consumption","Fats and oils","t","Balance",2013,34000
"HKG","China, Hong Kong Special Administrative Region","Eastern Asia",NA,"Tourist consumption","Fats and oils","t","Balance",2014,30000
"HKG","China, Hong Kong Special Administrative Region","Eastern Asia",NA,"Tourist consumption","Fats and oils","t","Balance",2015,32000
"HKG","China, Hong Kong Special Administrative Region","Eastern Asia",NA,"Tourist consumption","Fats and oils","t","Balance",2016,30000
"HKG","China, Hong Kong Special Administrative Region","Eastern Asia",NA,"Tourist consumption","Fats and oils","t","Balance",2017,30000
"HKG","China, Hong Kong Special Administrative Region","Eastern Asia",NA,"Tourist consumption","Fats and oils","t","Balance",2018,33000
"HKG","China, Hong Kong Special Administrative Region","Eastern Asia",NA,"Tourist consumption","Fats and oils","t","Balance",2019,34000
"HKG","China, Hong Kong Special Administrative Region","Eastern Asia",NA,"Tourist consumption","Fats and oils","t","Balance",2020,0
"HKG","China, Hong Kong Special Administrative Region","Eastern Asia",NA,"Tourist consumption","Fats and oils","t","Balance",2021,0
"HKG","China, Hong Kong Special Administrative Region","Eastern Asia",NA,"Tourist consumption","Fats and oils","t","Balance",2022,33000
"HKG","China, Hong Kong Special Administrative Region","Eastern Asia",NA,"Tourist consumption","Fats and oils","t","Balance",2023,31000
"HKG","China, Hong Kong Special Administrative Region","Eastern Asia",NA,"Tourist consumption","Fruits and vegetables","t","Balance",2010,51000
"HKG","China, Hong Kong Special Administrative Region","Eastern Asia",NA,"Tourist consumption","Fruits and vegetables","t","Balance",2011,57000
"HKG","China, Hong Kong Special Administrative Region","Eastern Asia",NA,"Tourist consumption","Fruits and vegetables","t","Balance",2012,59000
"HKG","China, Hong Kong Special Administrative Region","Eastern Asia",NA,"Tourist consumption","Fruits and vegetables","t","Balance",2013,59000
"HKG","China, Hong Kong Special Administrative Region","Eastern Asia",NA,"Tourist consumption","Fruits and vegetables","t","Balance",2014,57000
"HKG","China, Hong Kong Special Administrative Region","Eastern Asia",NA,"Tourist consumption","Fruits and vegetables","t","Balance",2015,61000
"HKG","China, Hong Kong Special Administrative Region","Eastern Asia",NA,"Tourist consumption","Fruits and vegetables","t","Balance",2016,60000
"HKG","China, Hong Kong Special Administrative Region","Eastern Asia",NA,"Tourist consumption","Fruits and vegetables","t","Balance",2017,59000
"HKG","China, Hong Kong Special Administrative Region","Eastern Asia",NA,"Tourist consumption","Fruits and vegetables","t","Balance",2018,73000
"HKG","China, Hong Kong Special Administrative Region","Eastern Asia",NA,"Tourist consumption","Fruits and vegetables","t","Balance",2019,80000
"HKG","China, Hong Kong Special Administrative Region","Eastern Asia",NA,"Tourist consumption","Fruits and vegetables","t","Balance",2020,0
"HKG","China, Hong Kong Special Administrative Region","Eastern Asia",NA,"Tourist consumption","Fruits and vegetables","t","Balance",2021,0
"HKG","China, Hong Kong Special Administrative Region","Eastern Asia",NA,"Tourist consumption","Fruits and vegetables","t","Balance",2022,47000
"HKG","China, Hong Kong Special Administrative Region","Eastern Asia",NA,"Tourist consumption","Fruits and vegetables","t","Balance",2023,69000
"HKG","China, Hong Kong Special Administrative Region","Eastern Asia",NA,"Tourist consumption","Meat","t","Balance",2010,254000
"HKG","China, Hong Kong Special Administrative Region","Eastern Asia",NA,"Tourist consumption","Meat","t","Balance",2011,356000
"HKG","China, Hong Kong Special Administrative Region","Eastern Asia",NA,"Tourist consumption","Meat","t","Balance",2012,259000
"HKG","China, Hong Kong Special Administrative Region","Eastern Asia",NA,"Tourist consumption","Meat","t","Balance",2013,225000
"HKG","China, Hong Kong Special Administrative Region","Eastern Asia",NA,"Tourist consumption","Meat","t","Balance",2014,551000
"HKG","China, Hong Kong Special Administrative Region","Eastern Asia",NA,"Tourist consumption","Meat","t","Balance",2015,317000
"HKG","China, Hong Kong Special Administrative Region","Eastern Asia",NA,"Tourist consumption","Meat","t","Balance",2016,421000
"HKG","China, Hong Kong Special Administrative Region","Eastern Asia",NA,"Tourist consumption","Meat","t","Balance",2017,538000
"HKG","China, Hong Kong Special Administrative Region","Eastern Asia",NA,"Tourist consumption","Meat","t","Balance",2018,466000
"HKG","China, Hong Kong Special Administrative Region","Eastern Asia",NA,"Tourist consumption","Meat","t","Balance",2019,495000
"HKG","China, Hong Kong Special Administrative Region","Eastern Asia",NA,"Tourist consumption","Meat","t","Balance",2020,0
"HKG","China, Hong Kong Special Administrative Region","Eastern Asia",NA,"Tourist consumption","Meat","t","Balance",2021,0
"HKG","China, Hong Kong Special Administrative Region","Eastern Asia",NA,"Tourist consumption","Meat","t","Balance",2022,110000
"HKG","China, Hong Kong Special Administrative Region","Eastern Asia",NA,"Tourist consumption","Meat","t","Balance",2023,77000
"HKG","China, Hong Kong Special Administrative Region","Eastern Asia",NA,"Tourist consumption","Pulses","t","Balance",2010,0
"HKG","China, Hong Kong Special Administrative Region","Eastern Asia",NA,"Tourist consumption","Pulses","t","Balance",2011,0
"HKG","China, Hong Kong Special Administrative Region","Eastern Asia",NA,"Tourist consumption","Pulses","t","Balance",2012,0
"HKG","China, Hong Kong Special Administrative Region","Eastern Asia",NA,"Tourist consumption","Pulses","t","Balance",2013,0
"HKG","China, Hong Kong Special Administrative Region","Eastern Asia",NA,"Tourist consumption","Pulses","t","Balance",2014,0
"HKG","China, Hong Kong Special Administrative Region","Eastern Asia",NA,"Tourist consumption","Pulses","t","Balance",2015,0
"HKG","China, Hong Kong Special Administrative Region","Eastern Asia",NA,"Tourist consumption","Pulses","t","Balance",2016,0
"HKG","China, Hong Kong Special Administrative Region","Eastern Asia",NA,"Tourist consumption","Pulses","t","Balance",2017,0
"HKG","China, Hong Kong Special Administrative Region","Eastern Asia",NA,"Tourist consumption","Pulses","t","Balance",2018,0
"HKG","China, Hong Kong Special Administrative Region","Eastern Asia",NA,"Tourist consumption","Pulses","t","Balance",2019,0
"HKG","China, Hong Kong Special Administrative Region","Eastern Asia",NA,"Tourist consumption","Pulses","t","Balance",2020,0
"HKG","China, Hong Kong Special Administrative Region","Eastern Asia",NA,"Tourist consumption","Pulses","t","Balance",2021,0
"HKG","China, Hong Kong Special Administrative Region","Eastern Asia",NA,"Tourist consumption","Pulses","t","Balance",2022,0
"HKG","China, Hong Kong Special Administrative Region","Eastern Asia",NA,"Tourist consumption","Pulses","t","Balance",2023,0
"HKG","China, Hong Kong Special Administrative Region","Eastern Asia",NA,"Tourist consumption","Starchy roots","t","Balance",2010,2000
"HKG","China, Hong Kong Special Administrative Region","Eastern Asia",NA,"Tourist consumption","Starchy roots","t","Balance",2011,1000
"HKG","China, Hong Kong Special Administrative Region","Eastern Asia",NA,"Tourist consumption","Starchy roots","t","Balance",2012,1000
"HKG","China, Hong Kong Special Administrative Region","Eastern Asia",NA,"Tourist consumption","Starchy roots","t","Balance",2013,1000
"HKG","China, Hong Kong Special Administrative Region","Eastern Asia",NA,"Tourist consumption","Starchy roots","t","Balance",2014,1000
"HKG","China, Hong Kong Special Administrative Region","Eastern Asia",NA,"Tourist consumption","Starchy roots","t","Balance",2015,0
"HKG","China, Hong Kong Special Administrative Region","Eastern Asia",NA,"Tourist consumption","Starchy roots","t","Balance",2016,0
"HKG","China, Hong Kong Special Administrative Region","Eastern Asia",NA,"Tourist consumption","Starchy roots","t","Balance",2017,0
"HKG","China, Hong Kong Special Administrative Region","Eastern Asia",NA,"Tourist consumption","Starchy roots","t","Balance",2018,1000
"HKG","China, Hong Kong Special Administrative Region","Eastern Asia",NA,"Tourist consumption","Starchy roots","t","Balance",2019,1000
"HKG","China, Hong Kong Special Administrative Region","Eastern Asia",NA,"Tourist consumption","Starchy roots","t","Balance",2020,0
"HKG","China, Hong Kong Special Administrative Region","Eastern Asia",NA,"Tourist consumption","Starchy roots","t","Balance",2021,0
"HKG","China, Hong Kong Special Administrative Region","Eastern Asia",NA,"Tourist consumption","Starchy roots","t","Balance",2022,2000
"HKG","China, Hong Kong Special Administrative Region","Eastern Asia",NA,"Tourist consumption","Starchy roots","t","Balance",2023,3000
"HKG","China, Hong Kong Special Administrative Region","Eastern Asia",NA,"Tourist consumption","Sugar","t","Balance",2010,11000
"HKG","China, Hong Kong Special Administrative Region","Eastern Asia",NA,"Tourist consumption","Sugar","t","Balance",2011,10000
"HKG","China, Hong Kong Special Administrative Region","Eastern Asia",NA,"Tourist consumption","Sugar","t","Balance",2012,11000
"HKG","China, Hong Kong Special Administrative Region","Eastern Asia",NA,"Tourist consumption","Sugar","t","Balance",2013,11000
"HKG","China, Hong Kong Special Administrative Region","Eastern Asia",NA,"Tourist consumption","Sugar","t","Balance",2014,11000
"HKG","China, Hong Kong Special Administrative Region","Eastern Asia",NA,"Tourist consumption","Sugar","t","Balance",2015,10000
"HKG","China, Hong Kong Special Administrative Region","Eastern Asia",NA,"Tourist consumption","Sugar","t","Balance",2016,11000
"HKG","China, Hong Kong Special Administrative Region","Eastern Asia",NA,"Tourist consumption","Sugar","t","Balance",2017,10000
"HKG","China, Hong Kong Special Administrative Region","Eastern Asia",NA,"Tourist consumption","Sugar","t","Balance",2018,8000
"HKG","China, Hong Kong Special Administrative Region","Eastern Asia",NA,"Tourist consumption","Sugar","t","Balance",2019,10000
"HKG","China, Hong Kong Special Administrative Region","Eastern Asia",NA,"Tourist consumption","Sugar","t","Balance",2020,0
"HKG","China, Hong Kong Special Administrative Region","Eastern Asia",NA,"Tourist consumption","Sugar","t","Balance",2021,0
"HKG","China, Hong Kong Special Administrative Region","Eastern Asia",NA,"Tourist consumption","Sugar","t","Balance",2022,6000
"HKG","China, Hong Kong Special Administrative Region","Eastern Asia",NA,"Tourist consumption","Sugar","t","Balance",2023,11000
NA,NA,"Eastern Asia",NA,"Export quantity","Beverages and other","t","Balance",2010,863666.6666666666
NA,NA,"Eastern Asia",NA,"Export quantity","Beverages and other","t","Balance",2011,1001333.3333333334
NA,NA,"Eastern Asia",NA,"Export quantity","Beverages and other","t","Balance",2012,1036833.3333333334
NA,NA,"Eastern Asia",NA,"Export quantity","Beverages and other","t","Balance",2013,1071666.6666666667
NA,NA,"Eastern Asia",NA,"Export quantity","Beverages and other","t","Balance",2014,1060666.6666666667
NA,NA,"Eastern Asia",NA,"Export quantity","Beverages and other","t","Balance",2015,1125000
NA,NA,"Eastern Asia",NA,"Export quantity","Beverages and other","t","Balance",2016,1217666.6666666667
NA,NA,"Eastern Asia",NA,"Export quantity","Beverages and other","t","Balance",2017,1324333.3333333333
NA,NA,"Eastern Asia",NA,"Export quantity","Beverages and other","t","Balance",2018,1384500
NA,NA,"Eastern Asia",NA,"Export quantity","Beverages and other","t","Balance",2019,1360000
NA,NA,"Eastern Asia",NA,"Export quantity","Beverages and other","t","Balance",2020,1422000
NA,NA,"Eastern Asia",NA,"Export quantity","Beverages and other","t","Balance",2021,1451666.6666666667
NA,NA,"Eastern Asia",NA,"Export quantity","Beverages and other","t","Balance",2022,1473666.6666666667
NA,NA,"Eastern Asia",NA,"Export quantity","Beverages and other","t","Balance",2023,1547500
NA,NA,"Eastern Asia",NA,"Export quantity","Cereals","t","Balance",2010,586000
NA,NA,"Eastern Asia",NA,"Export quantity","Cereals","t","Balance",2011,518166.6666666667
NA,NA,"Eastern Asia",NA,"Export quantity","Cereals","t","Balance",2012,460666.6666666667
NA,NA,"Eastern Asia",NA,"Export quantity","Cereals","t","Balance",2013,454666.6666666667
NA,NA,"Eastern Asia",NA,"Export quantity","Cereals","t","Balance",2014,396166.6666666667
NA,NA,"Eastern Asia",NA,"Export quantity","Cereals","t","Balance",2015,342166.6666666667
NA,NA,"Eastern Asia",NA,"Export quantity","Cereals","t","Balance",2016,413000
NA,NA,"Eastern Asia",NA,"Export quantity","Cereals","t","Balance",2017,659500
NA,NA,"Eastern Asia",NA,"Export quantity","Cereals","t","Balance",2018,1003000
NA,NA,"Eastern Asia",NA,"Export quantity","Cereals","t","Balance",2019,1232333.3333333333
NA,NA,"Eastern Asia",NA,"Export quantity","Cereals","t","Balance",2020,1027333.3333333334
NA,NA,"Eastern Asia",NA,"Export quantity","Cereals","t","Balance",2021,922500
NA,NA,"Eastern Asia",NA,"Export quantity","Cereals","t","Balance",2022,916833.3333333334
NA,NA,"Eastern Asia",NA,"Export quantity","Cereals","t","Balance",2023,722833.3333333334
NA,NA,"Eastern Asia",NA,"Export quantity","Dairy and eggs (excl. butter)","t","Balance",2010,117000
NA,NA,"Eastern Asia",NA,"Export quantity","Dairy and eggs (excl. butter)","t","Balance",2011,139000
NA,NA,"Eastern Asia",NA,"Export quantity","Dairy and eggs (excl. butter)","t","Balance",2012,166333.33333333334
NA,NA,"Eastern Asia",NA,"Export quantity","Dairy and eggs (excl. butter)","t","Balance",2013,126666.66666666667
NA,NA,"Eastern Asia",NA,"Export quantity","Dairy and eggs (excl. butter)","t","Balance",2014,141000
NA,NA,"Eastern Asia",NA,"Export quantity","Dairy and eggs (excl. butter)","t","Balance",2015,138666.66666666666
NA,NA,"Eastern Asia",NA,"Export quantity","Dairy and eggs (excl. butter)","t","Balance",2016,168666.66666666666
NA,NA,"Eastern Asia",NA,"Export quantity","Dairy and eggs (excl. butter)","t","Balance",2017,216666.66666666666
NA,NA,"Eastern Asia",NA,"Export quantity","Dairy and eggs (excl. butter)","t","Balance",2018,229666.66666666666
NA,NA,"Eastern Asia",NA,"Export quantity","Dairy and eggs (excl. butter)","t","Balance",2019,224666.66666666666
NA,NA,"Eastern Asia",NA,"Export quantity","Dairy and eggs (excl. butter)","t","Balance",2020,190000
NA,NA,"Eastern Asia",NA,"Export quantity","Dairy and eggs (excl. butter)","t","Balance",2021,168333.33333333334
NA,NA,"Eastern Asia",NA,"Export quantity","Dairy and eggs (excl. butter)","t","Balance",2022,168000
NA,NA,"Eastern Asia",NA,"Export quantity","Dairy and eggs (excl. butter)","t","Balance",2023,184000
NA,NA,"Eastern Asia",NA,"Export quantity","Fats and oils","t","Balance",2010,240000
NA,NA,"Eastern Asia",NA,"Export quantity","Fats and oils","t","Balance",2011,256166.66666666666
NA,NA,"Eastern Asia",NA,"Export quantity","Fats and oils","t","Balance",2012,270833.3333333333
NA,NA,"Eastern Asia",NA,"Export quantity","Fats and oils","t","Balance",2013,249333.33333333334
NA,NA,"Eastern Asia",NA,"Export quantity","Fats and oils","t","Balance",2014,256666.66666666666
NA,NA,"Eastern Asia",NA,"Export quantity","Fats and oils","t","Balance",2015,256500
NA,NA,"Eastern Asia",NA,"Export quantity","Fats and oils","t","Balance",2016,263666.6666666667
NA,NA,"Eastern Asia",NA,"Export quantity","Fats and oils","t","Balance",2017,318000
NA,NA,"Eastern Asia",NA,"Export quantity","Fats and oils","t","Balance",2018,351666.6666666667
NA,NA,"Eastern Asia",NA,"Export quantity","Fats and oils","t","Balance",2019,335666.6666666667
NA,NA,"Eastern Asia",NA,"Export quantity","Fats and oils","t","Balance",2020,299000
NA,NA,"Eastern Asia",NA,"Export quantity","Fats and oils","t","Balance",2021,289333.3333333333
NA,NA,"Eastern Asia",NA,"Export quantity","Fats and oils","t","Balance",2022,315500
NA,NA,"Eastern Asia",NA,"Export quantity","Fats and oils","t","Balance",2023,340500
NA,NA,"Eastern Asia",NA,"Export quantity","Fish and seafood","t","Balance",2010,1467833.3333333333
NA,NA,"Eastern Asia",NA,"Export quantity","Fish and seafood","t","Balance",2011,1598833.3333333333
NA,NA,"Eastern Asia",NA,"Export quantity","Fish and seafood","t","Balance",2012,1445500
NA,NA,"Eastern Asia",NA,"Export quantity","Fish and seafood","t","Balance",2013,1504333.3333333333
NA,NA,"Eastern Asia",NA,"Export quantity","Fish and seafood","t","Balance",2014,1540500
NA,NA,"Eastern Asia",NA,"Export quantity","Fish and seafood","t","Balance",2015,1453166.6666666667
NA,NA,"Eastern Asia",NA,"Export quantity","Fish and seafood","t","Balance",2016,1514666.6666666667
NA,NA,"Eastern Asia",NA,"Export quantity","Fish and seafood","t","Balance",2017,1541833.3333333333
NA,NA,"Eastern Asia",NA,"Export quantity","Fish and seafood","t","Balance",2018,1519000
NA,NA,"Eastern Asia",NA,"Export quantity","Fish and seafood","t","Balance",2019,1486500
NA,NA,"Eastern Asia",NA,"Export quantity","Fish and seafood","t","Balance",2020,1347333.3333333333
NA,NA,"Eastern Asia",NA,"Export quantity","Fish and seafood","t","Balance",2021,1422500
NA,NA,"Eastern Asia",NA,"Export quantity","Fish and seafood","t","Balance",2022,1422500
NA,NA,"Eastern Asia",NA,"Export quantity","Fish and seafood","t","Balance",2023,1422500
NA,NA,"Eastern Asia",NA,"Export quantity","Fruits and vegetables","t","Balance",2010,3000166.6666666665
NA,NA,"Eastern Asia",NA,"Export quantity","Fruits and vegetables","t","Balance",2011,3232000
NA,NA,"Eastern Asia",NA,"Export quantity","Fruits and vegetables","t","Balance",2012,3076166.6666666665
NA,NA,"Eastern Asia",NA,"Export quantity","Fruits and vegetables","t","Balance",2013,3115833.3333333335
NA,NA,"Eastern Asia",NA,"Export quantity","Fruits and vegetables","t","Balance",2014,2987666.6666666665
NA,NA,"Eastern Asia",NA,"Export quantity","Fruits and vegetables","t","Balance",2015,3155666.6666666665
NA,NA,"Eastern Asia",NA,"Export quantity","Fruits and vegetables","t","Balance",2016,3212500
NA,NA,"Eastern Asia",NA,"Export quantity","Fruits and vegetables","t","Balance",2017,3376333.3333333335
NA,NA,"Eastern Asia",NA,"Export quantity","Fruits and vegetables","t","Balance",2018,3456833.3333333335
NA,NA,"Eastern Asia",NA,"Export quantity","Fruits and vegetables","t","Balance",2019,3493833.3333333335
NA,NA,"Eastern Asia",NA,"Export quantity","Fruits and vegetables","t","Balance",2020,3532666.6666666665
NA,NA,"Eastern Asia",NA,"Export quantity","Fruits and vegetables","t","Balance",2021,3299666.6666666665
NA,NA,"Eastern Asia",NA,"Export quantity","Fruits and vegetables","t","Balance",2022,3365833.3333333335
NA,NA,"Eastern Asia",NA,"Export quantity","Fruits and vegetables","t","Balance",2023,3810000
NA,NA,"Eastern Asia",NA,"Export quantity","Meat","t","Balance",2010,432833.3333333333
NA,NA,"Eastern Asia",NA,"Export quantity","Meat","t","Balance",2011,417833.3333333333
NA,NA,"Eastern Asia",NA,"Export quantity","Meat","t","Balance",2012,367666.6666666667
NA,NA,"Eastern Asia",NA,"Export quantity","Meat","t","Balance",2013,403166.6666666667
NA,NA,"Eastern Asia",NA,"Export quantity","Meat","t","Balance",2014,407666.6666666667
NA,NA,"Eastern Asia",NA,"Export quantity","Meat","t","Balance",2015,374833.3333333333
NA,NA,"Eastern Asia",NA,"Export quantity","Meat","t","Balance",2016,380833.3333333333
NA,NA,"Eastern Asia",NA,"Export quantity","Meat","t","Balance",2017,399333.3333333333
NA,NA,"Eastern Asia",NA,"Export quantity","Meat","t","Balance",2018,385833.3333333333
NA,NA,"Eastern Asia",NA,"Export quantity","Meat","t","Balance",2019,294500
NA,NA,"Eastern Asia",NA,"Export quantity","Meat","t","Balance",2020,180500
NA,NA,"Eastern Asia",NA,"Export quantity","Meat","t","Balance",2021,190333.33333333334
NA,NA,"Eastern Asia",NA,"Export quantity","Meat","t","Balance",2022,228833.33333333334
NA,NA,"Eastern Asia",NA,"Export quantity","Meat","t","Balance",2023,242166.66666666666
NA,NA,"Eastern Asia",NA,"Export quantity","Pulses","t","Balance",2010,171000
NA,NA,"Eastern Asia",NA,"Export quantity","Pulses","t","Balance",2011,171666.66666666666
NA,NA,"Eastern Asia",NA,"Export quantity","Pulses","t","Balance",2012,171000
NA,NA,"Eastern Asia",NA,"Export quantity","Pulses","t","Balance",2013,146833.33333333334
NA,NA,"Eastern Asia",NA,"Export quantity","Pulses","t","Balance",2014,97833.33333333333
NA,NA,"Eastern Asia",NA,"Export quantity","Pulses","t","Balance",2015,89000
NA,NA,"Eastern Asia",NA,"Export quantity","Pulses","t","Balance",2016,111333.33333333333
NA,NA,"Eastern Asia",NA,"Export quantity","Pulses","t","Balance",2017,82500
NA,NA,"Eastern Asia",NA,"Export quantity","Pulses","t","Balance",2018,74833.33333333333
NA,NA,"Eastern Asia",NA,"Export quantity","Pulses","t","Balance",2019,67166.66666666667
NA,NA,"Eastern Asia",NA,"Export quantity","Pulses","t","Balance",2020,59166.666666666664
NA,NA,"Eastern Asia",NA,"Export quantity","Pulses","t","Balance",2021,36333.333333333336
NA,NA,"Eastern Asia",NA,"Export quantity","Pulses","t","Balance",2022,32833.333333333336
NA,NA,"Eastern Asia",NA,"Export quantity","Pulses","t","Balance",2023,36333.333333333336
NA,NA,"Eastern Asia",NA,"Export quantity","Starchy roots","t","Balance",2010,107333.33333333333
NA,NA,"Eastern Asia",NA,"Export quantity","Starchy roots","t","Balance",2011,124333.33333333333
NA,NA,"Eastern Asia",NA,"Export quantity","Starchy roots","t","Balance",2012,123500
NA,NA,"Eastern Asia",NA,"Export quantity","Starchy roots","t","Balance",2013,107333.33333333333
NA,NA,"Eastern Asia",NA,"Export quantity","Starchy roots","t","Balance",2014,143000
NA,NA,"Eastern Asia",NA,"Export quantity","Starchy roots","t","Balance",2015,116666.66666666667
NA,NA,"Eastern Asia",NA,"Export quantity","Starchy roots","t","Balance",2016,116333.33333333333
NA,NA,"Eastern Asia",NA,"Export quantity","Starchy roots","t","Balance",2017,135833.33333333334
NA,NA,"Eastern Asia",NA,"Export quantity","Starchy roots","t","Balance",2018,125333.33333333333
NA,NA,"Eastern Asia",NA,"Export quantity","Starchy roots","t","Balance",2019,137000
NA,NA,"Eastern Asia",NA,"Export quantity","Starchy roots","t","Balance",2020,125500
NA,NA,"Eastern Asia",NA,"Export quantity","Starchy roots","t","Balance",2021,123166.66666666667
NA,NA,"Eastern Asia",NA,"Export quantity","Starchy roots","t","Balance",2022,148500
NA,NA,"Eastern Asia",NA,"Export quantity","Starchy roots","t","Balance",2023,152833.33333333334
NA,NA,"Eastern Asia",NA,"Export quantity","Sugar","t","Balance",2010,387666.6666666667
NA,NA,"Eastern Asia",NA,"Export quantity","Sugar","t","Balance",2011,406666.6666666667
NA,NA,"Eastern Asia",NA,"Export quantity","Sugar","t","Balance",2012,417000
NA,NA,"Eastern Asia",NA,"Export quantity","Sugar","t","Balance",2013,473833.3333333333
NA,NA,"Eastern Asia",NA,"Export quantity","Sugar","t","Balance",2014,480833.3333333333
NA,NA,"Eastern Asia",NA,"Export quantity","Sugar","t","Balance",2015,499000
NA,NA,"Eastern Asia",NA,"Export quantity","Sugar","t","Balance",2016,593000
NA,NA,"Eastern Asia",NA,"Export quantity","Sugar","t","Balance",2017,619333.3333333334
NA,NA,"Eastern Asia",NA,"Export quantity","Sugar","t","Balance",2018,609166.6666666666
NA,NA,"Eastern Asia",NA,"Export quantity","Sugar","t","Balance",2019,617666.6666666666
NA,NA,"Eastern Asia",NA,"Export quantity","Sugar","t","Balance",2020,585166.6666666666
NA,NA,"Eastern Asia",NA,"Export quantity","Sugar","t","Balance",2021,539166.6666666666
NA,NA,"Eastern Asia",NA,"Export quantity","Sugar","t","Balance",2022,621500
NA,NA,"Eastern Asia",NA,"Export quantity","Sugar","t","Balance",2023,715166.6666666666
NA,NA,"Eastern Asia",NA,"Fat supply quantity (g/capita/day)","Beverages and other","g/cap/d","Per capita",2010,6.113333333333333
NA,NA,"Eastern Asia",NA,"Fat supply quantity (g/capita/day)","Beverages and other","g/cap/d","Per capita",2011,5.501666666666667
NA,NA,"Eastern Asia",NA,"Fat supply quantity (g/capita/day)","Beverages and other","g/cap/d","Per capita",2012,5.9366666666666665
NA,NA,"Eastern Asia",NA,"Fat supply quantity (g/capita/day)","Beverages and other","g/cap/d","Per capita",2013,5.9383333333333335
NA,NA,"Eastern Asia",NA,"Fat supply quantity (g/capita/day)","Beverages and other","g/cap/d","Per capita",2014,6.633333333333333
NA,NA,"Eastern Asia",NA,"Fat supply quantity (g/capita/day)","Beverages and other","g/cap/d","Per capita",2015,6.568333333333333
NA,NA,"Eastern Asia",NA,"Fat supply quantity (g/capita/day)","Beverages and other","g/cap/d","Per capita",2016,6.408333333333334
NA,NA,"Eastern Asia",NA,"Fat supply quantity (g/capita/day)","Beverages and other","g/cap/d","Per capita",2017,6.571666666666666
NA,NA,"Eastern Asia",NA,"Fat supply quantity (g/capita/day)","Beverages and other","g/cap/d","Per capita",2018,6.288333333333333
NA,NA,"Eastern Asia",NA,"Fat supply quantity (g/capita/day)","Beverages and other","g/cap/d","Per capita",2019,5.5200000000000005
NA,NA,"Eastern Asia",NA,"Fat supply quantity (g/capita/day)","Beverages and other","g/cap/d","Per capita",2020,4.368333333333333
NA,NA,"Eastern Asia",NA,"Fat supply quantity (g/capita/day)","Beverages and other","g/cap/d","Per capita",2021,4.848333333333334
NA,NA,"Eastern Asia",NA,"Fat supply quantity (g/capita/day)","Beverages and other","g/cap/d","Per capita",2022,5.296666666666667
NA,NA,"Eastern Asia",NA,"Fat supply quantity (g/capita/day)","Beverages and other","g/cap/d","Per capita",2023,4.635
NA,NA,"Eastern Asia",NA,"Fat supply quantity (g/capita/day)","Cereals","g/cap/d","Per capita",2010,7.046666666666667
NA,NA,"Eastern Asia",NA,"Fat supply quantity (g/capita/day)","Cereals","g/cap/d","Per capita",2011,7.256666666666667
NA,NA,"Eastern Asia",NA,"Fat supply quantity (g/capita/day)","Cereals","g/cap/d","Per capita",2012,7.038333333333334
NA,NA,"Eastern Asia",NA,"Fat supply quantity (g/capita/day)","Cereals","g/cap/d","Per capita",2013,7.32
NA,NA,"Eastern Asia",NA,"Fat supply quantity (g/capita/day)","Cereals","g/cap/d","Per capita",2014,7.55
NA,NA,"Eastern Asia",NA,"Fat supply quantity (g/capita/day)","Cereals","g/cap/d","Per capita",2015,7.676666666666667
NA,NA,"Eastern Asia",NA,"Fat supply quantity (g/capita/day)","Cereals","g/cap/d","Per capita",2016,7.6066666666666665
NA,NA,"Eastern Asia",NA,"Fat supply quantity (g/capita/day)","Cereals","g/cap/d","Per capita",2017,7.390000000000001
NA,NA,"Eastern Asia",NA,"Fat supply quantity (g/capita/day)","Cereals","g/cap/d","Per capita",2018,7.683333333333333
NA,NA,"Eastern Asia",NA,"Fat supply quantity (g/capita/day)","Cereals","g/cap/d","Per capita",2019,6.345
NA,NA,"Eastern Asia",NA,"Fat supply quantity (g/capita/day)","Cereals","g/cap/d","Per capita",2020,6.491666666666666
NA,NA,"Eastern Asia",NA,"Fat supply quantity (g/capita/day)","Cereals","g/cap/d","Per capita",2021,6.7333333333333325
NA,NA,"Eastern Asia",NA,"Fat supply quantity (g/capita/day)","Cereals","g/cap/d","Per capita",2022,6.403333333333333
NA,NA,"Eastern Asia",NA,"Fat supply quantity (g/capita/day)","Cereals","g/cap/d","Per capita",2023,6.758333333333333
NA,NA,"Eastern Asia",NA,"Fat supply quantity (g/capita/day)","Dairy and eggs (excl. butter)","g/cap/d","Per capita",2010,14.096666666666668
NA,NA,"Eastern Asia",NA,"Fat supply quantity (g/capita/day)","Dairy and eggs (excl. butter)","g/cap/d","Per capita",2011,16.246666666666666
NA,NA,"Eastern Asia",NA,"Fat supply quantity (g/capita/day)","Dairy and eggs (excl. butter)","g/cap/d","Per capita",2012,15.886666666666667
NA,NA,"Eastern Asia",NA,"Fat supply quantity (g/capita/day)","Dairy and eggs (excl. butter)","g/cap/d","Per capita",2013,16.253333333333334
NA,NA,"Eastern Asia",NA,"Fat supply quantity (g/capita/day)","Dairy and eggs (excl. butter)","g/cap/d","Per capita",2014,19.08
NA,NA,"Eastern Asia",NA,"Fat supply quantity (g/capita/day)","Dairy and eggs (excl. butter)","g/cap/d","Per capita",2015,19.693333333333335
NA,NA,"Eastern Asia",NA,"Fat supply quantity (g/capita/day)","Dairy and eggs (excl. butter)","g/cap/d","Per capita",2016,20.693333333333335
NA,NA,"Eastern Asia",NA,"Fat supply quantity (g/capita/day)","Dairy and eggs (excl. butter)","g/cap/d","Per capita",2017,21.65
NA,NA,"Eastern Asia",NA,"Fat supply quantity (g/capita/day)","Dairy and eggs (excl. butter)","g/cap/d","Per capita",2018,21.803333333333335
NA,NA,"Eastern Asia",NA,"Fat supply quantity (g/capita/day)","Dairy and eggs (excl. butter)","g/cap/d","Per capita",2019,20.483333333333334
NA,NA,"Eastern Asia",NA,"Fat supply quantity (g/capita/day)","Dairy and eggs (excl. butter)","g/cap/d","Per capita",2020,19.436666666666667
NA,NA,"Eastern Asia",NA,"Fat supply quantity (g/capita/day)","Dairy and eggs (excl. butter)","g/cap/d","Per capita",2021,19.563333333333333
NA,NA,"Eastern Asia",NA,"Fat supply quantity (g/capita/day)","Dairy and eggs (excl. butter)","g/cap/d","Per capita",2022,20.583333333333332
NA,NA,"Eastern Asia",NA,"Fat supply quantity (g/capita/day)","Dairy and eggs (excl. butter)","g/cap/d","Per capita",2023,20.096666666666668
NA,NA,"Eastern Asia",NA,"Fat supply quantity (g/capita/day)","Fats and oils","g/cap/d","Per capita",2010,44.068333333333335
NA,NA,"Eastern Asia",NA,"Fat supply quantity (g/capita/day)","Fats and oils","g/cap/d","Per capita",2011,43.693333333333335
NA,NA,"Eastern Asia",NA,"Fat supply quantity (g/capita/day)","Fats and oils","g/cap/d","Per capita",2012,44.846666666666664
NA,NA,"Eastern Asia",NA,"Fat supply quantity (g/capita/day)","Fats and oils","g/cap/d","Per capita",2013,44.480000000000004
NA,NA,"Eastern Asia",NA,"Fat supply quantity (g/capita/day)","Fats and oils","g/cap/d","Per capita",2014,42.875
NA,NA,"Eastern Asia",NA,"Fat supply quantity (g/capita/day)","Fats and oils","g/cap/d","Per capita",2015,44.82833333333333
NA,NA,"Eastern Asia",NA,"Fat supply quantity (g/capita/day)","Fats and oils","g/cap/d","Per capita",2016,44.65833333333333
NA,NA,"Eastern Asia",NA,"Fat supply quantity (g/capita/day)","Fats and oils","g/cap/d","Per capita",2017,44.43666666666667
NA,NA,"Eastern Asia",NA,"Fat supply quantity (g/capita/day)","Fats and oils","g/cap/d","Per capita",2018,47.36666666666667
NA,NA,"Eastern Asia",NA,"Fat supply quantity (g/capita/day)","Fats and oils","g/cap/d","Per capita",2019,45.01166666666666
NA,NA,"Eastern Asia",NA,"Fat supply quantity (g/capita/day)","Fats and oils","g/cap/d","Per capita",2020,43.31666666666667
NA,NA,"Eastern Asia",NA,"Fat supply quantity (g/capita/day)","Fats and oils","g/cap/d","Per capita",2021,43.848333333333336
NA,NA,"Eastern Asia",NA,"Fat supply quantity (g/capita/day)","Fats and oils","g/cap/d","Per capita",2022,43.38
NA,NA,"Eastern Asia",NA,"Fat supply quantity (g/capita/day)","Fats and oils","g/cap/d","Per capita",2023,42.736666666666665
NA,NA,"Eastern Asia",NA,"Fat supply quantity (g/capita/day)","Fish and seafood","g/cap/d","Per capita",2010,2.03
NA,NA,"Eastern Asia",NA,"Fat supply quantity (g/capita/day)","Fish and seafood","g/cap/d","Per capita",2011,2.1033333333333335
NA,NA,"Eastern Asia",NA,"Fat supply quantity (g/capita/day)","Fish and seafood","g/cap/d","Per capita",2012,2.1533333333333333
NA,NA,"Eastern Asia",NA,"Fat supply quantity (g/capita/day)","Fish and seafood","g/cap/d","Per capita",2013,2.08
NA,NA,"Eastern Asia",NA,"Fat supply quantity (g/capita/day)","Fish and seafood","g/cap/d","Per capita",2014,2.2083333333333335
NA,NA,"Eastern Asia",NA,"Fat supply quantity (g/capita/day)","Fish and seafood","g/cap/d","Per capita",2015,2.2716666666666665
NA,NA,"Eastern Asia",NA,"Fat supply quantity (g/capita/day)","Fish and seafood","g/cap/d","Per capita",2016,2.125
NA,NA,"Eastern Asia",NA,"Fat supply quantity (g/capita/day)","Fish and seafood","g/cap/d","Per capita",2017,2.205
NA,NA,"Eastern Asia",NA,"Fat supply quantity (g/capita/day)","Fish and seafood","g/cap/d","Per capita",2018,2.225
NA,NA,"Eastern Asia",NA,"Fat supply quantity (g/capita/day)","Fish and seafood","g/cap/d","Per capita",2019,2.0883333333333334
NA,NA,"Eastern Asia",NA,"Fat supply quantity (g/capita/day)","Fish and seafood","g/cap/d","Per capita",2020,2.055
NA,NA,"Eastern Asia",NA,"Fat supply quantity (g/capita/day)","Fish and seafood","g/cap/d","Per capita",2021,2.021666666666667
NA,NA,"Eastern Asia",NA,"Fat supply quantity (g/capita/day)","Fish and seafood","g/cap/d","Per capita",2022,2.013333333333333
NA,NA,"Eastern Asia",NA,"Fat supply quantity (g/capita/day)","Fish and seafood","g/cap/d","Per capita",2023,2.006666666666667
NA,NA,"Eastern Asia",NA,"Fat supply quantity (g/capita/day)","Fruits and vegetables","g/cap/d","Per capita",2010,1.325
NA,NA,"Eastern Asia",NA,"Fat supply quantity (g/capita/day)","Fruits and vegetables","g/cap/d","Per capita",2011,1.3683333333333334
NA,NA,"Eastern Asia",NA,"Fat supply quantity (g/capita/day)","Fruits and vegetables","g/cap/d","Per capita",2012,1.3866666666666667
NA,NA,"Eastern Asia",NA,"Fat supply quantity (g/capita/day)","Fruits and vegetables","g/cap/d","Per capita",2013,1.3766666666666667
NA,NA,"Eastern Asia",NA,"Fat supply quantity (g/capita/day)","Fruits and vegetables","g/cap/d","Per capita",2014,1.4516666666666667
NA,NA,"Eastern Asia",NA,"Fat supply quantity (g/capita/day)","Fruits and vegetables","g/cap/d","Per capita",2015,1.4383333333333332
NA,NA,"Eastern Asia",NA,"Fat supply quantity (g/capita/day)","Fruits and vegetables","g/cap/d","Per capita",2016,1.4566666666666668
NA,NA,"Eastern Asia",NA,"Fat supply quantity (g/capita/day)","Fruits and vegetables","g/cap/d","Per capita",2017,1.505
NA,NA,"Eastern Asia",NA,"Fat supply quantity (g/capita/day)","Fruits and vegetables","g/cap/d","Per capita",2018,1.5783333333333334
NA,NA,"Eastern Asia",NA,"Fat supply quantity (g/capita/day)","Fruits and vegetables","g/cap/d","Per capita",2019,1.48
NA,NA,"Eastern Asia",NA,"Fat supply quantity (g/capita/day)","Fruits and vegetables","g/cap/d","Per capita",2020,1.4183333333333334
NA,NA,"Eastern Asia",NA,"Fat supply quantity (g/capita/day)","Fruits and vegetables","g/cap/d","Per capita",2021,1.5083333333333333
NA,NA,"Eastern Asia",NA,"Fat supply quantity (g/capita/day)","Fruits and vegetables","g/cap/d","Per capita",2022,1.5066666666666666
NA,NA,"Eastern Asia",NA,"Fat supply quantity (g/capita/day)","Fruits and vegetables","g/cap/d","Per capita",2023,1.5566666666666666
NA,NA,"Eastern Asia",NA,"Fat supply quantity (g/capita/day)","Meat","g/cap/d","Per capita",2010,26.123333333333335
NA,NA,"Eastern Asia",NA,"Fat supply quantity (g/capita/day)","Meat","g/cap/d","Per capita",2011,27.205
NA,NA,"Eastern Asia",NA,"Fat supply quantity (g/capita/day)","Meat","g/cap/d","Per capita",2012,27.421666666666667
NA,NA,"Eastern Asia",NA,"Fat supply quantity (g/capita/day)","Meat","g/cap/d","Per capita",2013,27.961666666666666
NA,NA,"Eastern Asia",NA,"Fat supply quantity (g/capita/day)","Meat","g/cap/d","Per capita",2014,28.263333333333332
NA,NA,"Eastern Asia",NA,"Fat supply quantity (g/capita/day)","Meat","g/cap/d","Per capita",2015,29.15
NA,NA,"Eastern Asia",NA,"Fat supply quantity (g/capita/day)","Meat","g/cap/d","Per capita",2016,29.4
NA,NA,"Eastern Asia",NA,"Fat supply quantity (g/capita/day)","Meat","g/cap/d","Per capita",2017,30.41
NA,NA,"Eastern Asia",NA,"Fat supply quantity (g/capita/day)","Meat","g/cap/d","Per capita",2018,29.636666666666667
NA,NA,"Eastern Asia",NA,"Fat supply quantity (g/capita/day)","Meat","g/cap/d","Per capita",2019,30.14
NA,NA,"Eastern Asia",NA,"Fat supply quantity (g/capita/day)","Meat","g/cap/d","Per capita",2020,30.003333333333334
NA,NA,"Eastern Asia",NA,"Fat supply quantity (g/capita/day)","Meat","g/cap/d","Per capita",2021,30.294999999999998
NA,NA,"Eastern Asia",NA,"Fat supply quantity (g/capita/day)","Meat","g/cap/d","Per capita",2022,29.435
NA,NA,"Eastern Asia",NA,"Fat supply quantity (g/capita/day)","Meat","g/cap/d","Per capita",2023,30.321666666666665
NA,NA,"Eastern Asia",NA,"Fat supply quantity (g/capita/day)","Pulses","g/cap/d","Per capita",2010,0.18666666666666668
NA,NA,"Eastern Asia",NA,"Fat supply quantity (g/capita/day)","Pulses","g/cap/d","Per capita",2011,0.17666666666666667
NA,NA,"Eastern Asia",NA,"Fat supply quantity (g/capita/day)","Pulses","g/cap/d","Per capita",2012,0.17166666666666666
NA,NA,"Eastern Asia",NA,"Fat supply quantity (g/capita/day)","Pulses","g/cap/d","Per capita",2013,0.175
NA,NA,"Eastern Asia",NA,"Fat supply quantity (g/capita/day)","Pulses","g/cap/d","Per capita",2014,0.16833333333333333
NA,NA,"Eastern Asia",NA,"Fat supply quantity (g/capita/day)","Pulses","g/cap/d","Per capita",2015,0.17
NA,NA,"Eastern Asia",NA,"Fat supply quantity (g/capita/day)","Pulses","g/cap/d","Per capita",2016,0.16333333333333333
NA,NA,"Eastern Asia",NA,"Fat supply quantity (g/capita/day)","Pulses","g/cap/d","Per capita",2017,0.13166666666666665
NA,NA,"Eastern Asia",NA,"Fat supply quantity (g/capita/day)","Pulses","g/cap/d","Per capita",2018,0.13666666666666666
NA,NA,"Eastern Asia",NA,"Fat supply quantity (g/capita/day)","Pulses","g/cap/d","Per capita",2019,0.060000000000000005
NA,NA,"Eastern Asia",NA,"Fat supply quantity (g/capita/day)","Pulses","g/cap/d","Per capita",2020,0.06166666666666667
NA,NA,"Eastern Asia",NA,"Fat supply quantity (g/capita/day)","Pulses","g/cap/d","Per capita",2021,0.065
NA,NA,"Eastern Asia",NA,"Fat supply quantity (g/capita/day)","Pulses","g/cap/d","Per capita",2022,0.060000000000000005
NA,NA,"Eastern Asia",NA,"Fat supply quantity (g/capita/day)","Pulses","g/cap/d","Per capita",2023,0.07833333333333334
NA,NA,"Eastern Asia",NA,"Fat supply quantity (g/capita/day)","Starchy roots","g/cap/d","Per capita",2010,0.2
NA,NA,"Eastern Asia",NA,"Fat supply quantity (g/capita/day)","Starchy roots","g/cap/d","Per capita",2011,0.20500000000000002
NA,NA,"Eastern Asia",NA,"Fat supply quantity (g/capita/day)","Starchy roots","g/cap/d","Per capita",2012,0.20833333333333334
NA,NA,"Eastern Asia",NA,"Fat supply quantity (g/capita/day)","Starchy roots","g/cap/d","Per capita",2013,0.19666666666666666
NA,NA,"Eastern Asia",NA,"Fat supply quantity (g/capita/day)","Starchy roots","g/cap/d","Per capita",2014,0.20166666666666666
NA,NA,"Eastern Asia",NA,"Fat supply quantity (g/capita/day)","Starchy roots","g/cap/d","Per capita",2015,0.20166666666666666
NA,NA,"Eastern Asia",NA,"Fat supply quantity (g/capita/day)","Starchy roots","g/cap/d","Per capita",2016,0.19833333333333333
NA,NA,"Eastern Asia",NA,"Fat supply quantity (g/capita/day)","Starchy roots","g/cap/d","Per capita",2017,0.19166666666666665
NA,NA,"Eastern Asia",NA,"Fat supply quantity (g/capita/day)","Starchy roots","g/cap/d","Per capita",2018,0.19666666666666666
NA,NA,"Eastern Asia",NA,"Fat supply quantity (g/capita/day)","Starchy roots","g/cap/d","Per capita",2019,0.18333333333333335
NA,NA,"Eastern Asia",NA,"Fat supply quantity (g/capita/day)","Starchy roots","g/cap/d","Per capita",2020,0.175
NA,NA,"Eastern Asia",NA,"Fat supply quantity (g/capita/day)","Starchy roots","g/cap/d","Per capita",2021,0.17166666666666666
NA,NA,"Eastern Asia",NA,"Fat supply quantity (g/capita/day)","Starchy roots","g/cap/d","Per capita",2022,0.17666666666666667
NA,NA,"Eastern Asia",NA,"Fat supply quantity (g/capita/day)","Starchy roots","g/cap/d","Per capita",2023,0.17166666666666666
NA,NA,"Eastern Asia",NA,"Fat supply quantity (g/capita/day)","Sugar","g/cap/d","Per capita",2010,0.5083333333333333
NA,NA,"Eastern Asia",NA,"Fat supply quantity (g/capita/day)","Sugar","g/cap/d","Per capita",2011,0.5183333333333333
NA,NA,"Eastern Asia",NA,"Fat supply quantity (g/capita/day)","Sugar","g/cap/d","Per capita",2012,0.525
NA,NA,"Eastern Asia",NA,"Fat supply quantity (g/capita/day)","Sugar","g/cap/d","Per capita",2013,0.485
NA,NA,"Eastern Asia",NA,"Fat supply quantity (g/capita/day)","Sugar","g/cap/d","Per capita",2014,0.5599999999999999
NA,NA,"Eastern Asia",NA,"Fat supply quantity (g/capita/day)","Sugar","g/cap/d","Per capita",2015,0.5366666666666666
NA,NA,"Eastern Asia",NA,"Fat supply quantity (g/capita/day)","Sugar","g/cap/d","Per capita",2016,0.5266666666666667
NA,NA,"Eastern Asia",NA,"Fat supply quantity (g/capita/day)","Sugar","g/cap/d","Per capita",2017,0.5233333333333333
NA,NA,"Eastern Asia",NA,"Fat supply quantity (g/capita/day)","Sugar","g/cap/d","Per capita",2018,0.5283333333333333
NA,NA,"Eastern Asia",NA,"Fat supply quantity (g/capita/day)","Sugar","g/cap/d","Per capita",2019,0.54
NA,NA,"Eastern Asia",NA,"Fat supply quantity (g/capita/day)","Sugar","g/cap/d","Per capita",2020,0.545
NA,NA,"Eastern Asia",NA,"Fat supply quantity (g/capita/day)","Sugar","g/cap/d","Per capita",2021,0.5266666666666667
NA,NA,"Eastern Asia",NA,"Fat supply quantity (g/capita/day)","Sugar","g/cap/d","Per capita",2022,0.45999999999999996
NA,NA,"Eastern Asia",NA,"Fat supply quantity (g/capita/day)","Sugar","g/cap/d","Per capita",2023,0.47333333333333333
NA,NA,"Eastern Asia",NA,"Feed","Beverages and other","t","Balance",2010,0
NA,NA,"Eastern Asia",NA,"Feed","Beverages and other","t","Balance",2011,0
NA,NA,"Eastern Asia",NA,"Feed","Beverages and other","t","Balance",2012,0
NA,NA,"Eastern Asia",NA,"Feed","Beverages and other","t","Balance",2013,0
NA,NA,"Eastern Asia",NA,"Feed","Beverages and other","t","Balance",2014,0
NA,NA,"Eastern Asia",NA,"Feed","Beverages and other","t","Balance",2015,0
NA,NA,"Eastern Asia",NA,"Feed","Beverages and other","t","Balance",2016,0
NA,NA,"Eastern Asia",NA,"Feed","Beverages and other","t","Balance",2017,0
NA,NA,"Eastern Asia",NA,"Feed","Beverages and other","t","Balance",2018,0
NA,NA,"Eastern Asia",NA,"Feed","Beverages and other","t","Balance",2019,0
NA,NA,"Eastern Asia",NA,"Feed","Beverages and other","t","Balance",2020,0
NA,NA,"Eastern Asia",NA,"Feed","Beverages and other","t","Balance",2021,0
NA,NA,"Eastern Asia",NA,"Feed","Beverages and other","t","Balance",2022,0
NA,NA,"Eastern Asia",NA,"Feed","Beverages and other","t","Balance",2023,0
NA,NA,"Eastern Asia",NA,"Feed","Cereals","t","Balance",2010,25316500
NA,NA,"Eastern Asia",NA,"Feed","Cereals","t","Balance",2011,26269000
NA,NA,"Eastern Asia",NA,"Feed","Cereals","t","Balance",2012,27961000
NA,NA,"Eastern Asia",NA,"Feed","Cereals","t","Balance",2013,25543666.666666668
NA,NA,"Eastern Asia",NA,"Feed","Cereals","t","Balance",2014,24911333.333333332
NA,NA,"Eastern Asia",NA,"Feed","Cereals","t","Balance",2015,31193833.333333332
NA,NA,"Eastern Asia",NA,"Feed","Cereals","t","Balance",2016,33789666.666666664
NA,NA,"Eastern Asia",NA,"Feed","Cereals","t","Balance",2017,35735500
NA,NA,"Eastern Asia",NA,"Feed","Cereals","t","Balance",2018,37658333.333333336
NA,NA,"Eastern Asia",NA,"Feed","Cereals","t","Balance",2019,37988000
NA,NA,"Eastern Asia",NA,"Feed","Cereals","t","Balance",2020,42127166.666666664
NA,NA,"Eastern Asia",NA,"Feed","Cereals","t","Balance",2021,46121500
NA,NA,"Eastern Asia",NA,"Feed","Cereals","t","Balance",2022,47753666.666666664
NA,NA,"Eastern Asia",NA,"Feed","Cereals","t","Balance",2023,48516000
NA,NA,"Eastern Asia",NA,"Feed","Dairy and eggs (excl. butter)","t","Balance",2010,3247666.6666666665
NA,NA,"Eastern Asia",NA,"Feed","Dairy and eggs (excl. butter)","t","Balance",2011,4196333.333333333
NA,NA,"Eastern Asia",NA,"Feed","Dairy and eggs (excl. butter)","t","Balance",2012,4749000
NA,NA,"Eastern Asia",NA,"Feed","Dairy and eggs (excl. butter)","t","Balance",2013,5458666.666666667
NA,NA,"Eastern Asia",NA,"Feed","Dairy and eggs (excl. butter)","t","Balance",2014,5169000
NA,NA,"Eastern Asia",NA,"Feed","Dairy and eggs (excl. butter)","t","Balance",2015,5572333.333333333
NA,NA,"Eastern Asia",NA,"Feed","Dairy and eggs (excl. butter)","t","Balance",2016,6332333.333333333
NA,NA,"Eastern Asia",NA,"Feed","Dairy and eggs (excl. butter)","t","Balance",2017,6696333.333333333
NA,NA,"Eastern Asia",NA,"Feed","Dairy and eggs (excl. butter)","t","Balance",2018,7146000
NA,NA,"Eastern Asia",NA,"Feed","Dairy and eggs (excl. butter)","t","Balance",2019,5939333.333333333
NA,NA,"Eastern Asia",NA,"Feed","Dairy and eggs (excl. butter)","t","Balance",2020,8149333.333333333
NA,NA,"Eastern Asia",NA,"Feed","Dairy and eggs (excl. butter)","t","Balance",2021,9359333.333333334
NA,NA,"Eastern Asia",NA,"Feed","Dairy and eggs (excl. butter)","t","Balance",2022,7819333.333333333
NA,NA,"Eastern Asia",NA,"Feed","Dairy and eggs (excl. butter)","t","Balance",2023,8490666.666666666
NA,NA,"Eastern Asia",NA,"Feed","Fats and oils","t","Balance",2010,2252000
NA,NA,"Eastern Asia",NA,"Feed","Fats and oils","t","Balance",2011,1936166.6666666667
NA,NA,"Eastern Asia",NA,"Feed","Fats and oils","t","Balance",2012,2903666.6666666665
NA,NA,"Eastern Asia",NA,"Feed","Fats and oils","t","Balance",2013,2490666.6666666665
NA,NA,"Eastern Asia",NA,"Feed","Fats and oils","t","Balance",2014,2475000
NA,NA,"Eastern Asia",NA,"Feed","Fats and oils","t","Balance",2015,3050833.3333333335
NA,NA,"Eastern Asia",NA,"Feed","Fats and oils","t","Balance",2016,2417666.6666666665
NA,NA,"Eastern Asia",NA,"Feed","Fats and oils","t","Balance",2017,3089833.3333333335
NA,NA,"Eastern Asia",NA,"Feed","Fats and oils","t","Balance",2018,2570666.6666666665
NA,NA,"Eastern Asia",NA,"Feed","Fats and oils","t","Balance",2019,2826333.3333333335
NA,NA,"Eastern Asia",NA,"Feed","Fats and oils","t","Balance",2020,4213666.666666667
NA,NA,"Eastern Asia",NA,"Feed","Fats and oils","t","Balance",2021,2742666.6666666665
NA,NA,"Eastern Asia",NA,"Feed","Fats and oils","t","Balance",2022,2667333.3333333335
NA,NA,"Eastern Asia",NA,"Feed","Fats and oils","t","Balance",2023,3621333.3333333335
NA,NA,"Eastern Asia",NA,"Feed","Fish and seafood","t","Balance",2010,1492000
NA,NA,"Eastern Asia",NA,"Feed","Fish and seafood","t","Balance",2011,1722400
NA,NA,"Eastern Asia",NA,"Feed","Fish and seafood","t","Balance",2012,1772200
NA,NA,"Eastern Asia",NA,"Feed","Fish and seafood","t","Balance",2013,1511600
NA,NA,"Eastern Asia",NA,"Feed","Fish and seafood","t","Balance",2014,1592000
NA,NA,"Eastern Asia",NA,"Feed","Fish and seafood","t","Balance",2015,1506600
NA,NA,"Eastern Asia",NA,"Feed","Fish and seafood","t","Balance",2016,1520800
NA,NA,"Eastern Asia",NA,"Feed","Fish and seafood","t","Balance",2017,2003000
NA,NA,"Eastern Asia",NA,"Feed","Fish and seafood","t","Balance",2018,1872600
NA,NA,"Eastern Asia",NA,"Feed","Fish and seafood","t","Balance",2019,1821200
NA,NA,"Eastern Asia",NA,"Feed","Fish and seafood","t","Balance",2020,1784400
NA,NA,"Eastern Asia",NA,"Feed","Fish and seafood","t","Balance",2021,2232200
NA,NA,"Eastern Asia",NA,"Feed","Fish and seafood","t","Balance",2022,2232200
NA,NA,"Eastern Asia",NA,"Feed","Fish and seafood","t","Balance",2023,2232200
NA,NA,"Eastern Asia",NA,"Feed","Fruits and vegetables","t","Balance",2010,5393166.666666667
NA,NA,"Eastern Asia",NA,"Feed","Fruits and vegetables","t","Balance",2011,5575000
NA,NA,"Eastern Asia",NA,"Feed","Fruits and vegetables","t","Balance",2012,5634166.666666667
NA,NA,"Eastern Asia",NA,"Feed","Fruits and vegetables","t","Balance",2013,5640000
NA,NA,"Eastern Asia",NA,"Feed","Fruits and vegetables","t","Balance",2014,5709500
NA,NA,"Eastern Asia",NA,"Feed","Fruits and vegetables","t","Balance",2015,6003166.666666667
NA,NA,"Eastern Asia",NA,"Feed","Fruits and vegetables","t","Balance",2016,6072166.666666667
NA,NA,"Eastern Asia",NA,"Feed","Fruits and vegetables","t","Balance",2017,6180833.333333333
NA,NA,"Eastern Asia",NA,"Feed","Fruits and vegetables","t","Balance",2018,6287500
NA,NA,"Eastern Asia",NA,"Feed","Fruits and vegetables","t","Balance",2019,5985666.666666667
NA,NA,"Eastern Asia",NA,"Feed","Fruits and vegetables","t","Balance",2020,5860500
NA,NA,"Eastern Asia",NA,"Feed","Fruits and vegetables","t","Balance",2021,5815833.333333333
NA,NA,"Eastern Asia",NA,"Feed","Fruits and vegetables","t","Balance",2022,5847500
NA,NA,"Eastern Asia",NA,"Feed","Fruits and vegetables","t","Balance",2023,5762500
NA,NA,"Eastern Asia",NA,"Feed","Meat","t","Balance",2010,1000
NA,NA,"Eastern Asia",NA,"Feed","Meat","t","Balance",2011,1000
NA,NA,"Eastern Asia",NA,"Feed","Meat","t","Balance",2012,1000
NA,NA,"Eastern Asia",NA,"Feed","Meat","t","Balance",2013,1000
NA,NA,"Eastern Asia",NA,"Feed","Meat","t","Balance",2014,1000
NA,NA,"Eastern Asia",NA,"Feed","Meat","t","Balance",2015,1000
NA,NA,"Eastern Asia",NA,"Feed","Meat","t","Balance",2016,1000
NA,NA,"Eastern Asia",NA,"Feed","Meat","t","Balance",2017,1000
NA,NA,"Eastern Asia",NA,"Feed","Meat","t","Balance",2018,1000
NA,NA,"Eastern Asia",NA,"Feed","Meat","t","Balance",2019,1000
NA,NA,"Eastern Asia",NA,"Feed","Meat","t","Balance",2020,1000
NA,NA,"Eastern Asia",NA,"Feed","Meat","t","Balance",2021,2000
NA,NA,"Eastern Asia",NA,"Feed","Meat","t","Balance",2022,2000
NA,NA,"Eastern Asia",NA,"Feed","Meat","t","Balance",2023,2000
NA,NA,"Eastern Asia",NA,"Feed","Pulses","t","Balance",2010,314333.3333333333
NA,NA,"Eastern Asia",NA,"Feed","Pulses","t","Balance",2011,391833.3333333333
NA,NA,"Eastern Asia",NA,"Feed","Pulses","t","Balance",2012,417333.3333333333
NA,NA,"Eastern Asia",NA,"Feed","Pulses","t","Balance",2013,373666.6666666667
NA,NA,"Eastern Asia",NA,"Feed","Pulses","t","Balance",2014,349500
NA,NA,"Eastern Asia",NA,"Feed","Pulses","t","Balance",2015,368666.6666666667
NA,NA,"Eastern Asia",NA,"Feed","Pulses","t","Balance",2016,415000
NA,NA,"Eastern Asia",NA,"Feed","Pulses","t","Balance",2017,496500
NA,NA,"Eastern Asia",NA,"Feed","Pulses","t","Balance",2018,587666.6666666666
NA,NA,"Eastern Asia",NA,"Feed","Pulses","t","Balance",2019,577333.3333333334
NA,NA,"Eastern Asia",NA,"Feed","Pulses","t","Balance",2020,666500
NA,NA,"Eastern Asia",NA,"Feed","Pulses","t","Balance",2021,637500
NA,NA,"Eastern Asia",NA,"Feed","Pulses","t","Balance",2022,638333.3333333334
NA,NA,"Eastern Asia",NA,"Feed","Pulses","t","Balance",2023,726333.3333333334
NA,NA,"Eastern Asia",NA,"Feed","Starchy roots","t","Balance",2010,10019333.333333334
NA,NA,"Eastern Asia",NA,"Feed","Starchy roots","t","Balance",2011,9234666.666666666
NA,NA,"Eastern Asia",NA,"Feed","Starchy roots","t","Balance",2012,10279833.333333334
NA,NA,"Eastern Asia",NA,"Feed","Starchy roots","t","Balance",2013,10478666.666666666
NA,NA,"Eastern Asia",NA,"Feed","Starchy roots","t","Balance",2014,10743333.333333334
NA,NA,"Eastern Asia",NA,"Feed","Starchy roots","t","Balance",2015,10456000
NA,NA,"Eastern Asia",NA,"Feed","Starchy roots","t","Balance",2016,9367333.333333334
NA,NA,"Eastern Asia",NA,"Feed","Starchy roots","t","Balance",2017,9892333.333333334
NA,NA,"Eastern Asia",NA,"Feed","Starchy roots","t","Balance",2018,8217333.333333333
NA,NA,"Eastern Asia",NA,"Feed","Starchy roots","t","Balance",2019,7225833.333333333
NA,NA,"Eastern Asia",NA,"Feed","Starchy roots","t","Balance",2020,6612500
NA,NA,"Eastern Asia",NA,"Feed","Starchy roots","t","Balance",2021,7620833.333333333
NA,NA,"Eastern Asia",NA,"Feed","Starchy roots","t","Balance",2022,8952333.333333334
NA,NA,"Eastern Asia",NA,"Feed","Starchy roots","t","Balance",2023,8258500
NA,NA,"Eastern Asia",NA,"Feed","Sugar","t","Balance",2010,3087400
NA,NA,"Eastern Asia",NA,"Feed","Sugar","t","Balance",2011,3647600
NA,NA,"Eastern Asia",NA,"Feed","Sugar","t","Balance",2012,2944000
NA,NA,"Eastern Asia",NA,"Feed","Sugar","t","Balance",2013,3043400
NA,NA,"Eastern Asia",NA,"Feed","Sugar","t","Balance",2014,1257800
NA,NA,"Eastern Asia",NA,"Feed","Sugar","t","Balance",2015,2290000
NA,NA,"Eastern Asia",NA,"Feed","Sugar","t","Balance",2016,3768800
NA,NA,"Eastern Asia",NA,"Feed","Sugar","t","Balance",2017,3432800
NA,NA,"Eastern Asia",NA,"Feed","Sugar","t","Balance",2018,2579000
NA,NA,"Eastern Asia",NA,"Feed","Sugar","t","Balance",2019,2039800
NA,NA,"Eastern Asia",NA,"Feed","Sugar","t","Balance",2020,4374200
NA,NA,"Eastern Asia",NA,"Feed","Sugar","t","Balance",2021,3429000
NA,NA,"Eastern Asia",NA,"Feed","Sugar","t","Balance",2022,4438400
NA,NA,"Eastern Asia",NA,"Feed","Sugar","t","Balance",2023,4651600
NA,NA,"Eastern Asia",NA,"Food","Beverages and other","t","Balance",2010,11773666.666666666
NA,NA,"Eastern Asia",NA,"Food","Beverages and other","t","Balance",2011,12410500
NA,NA,"Eastern Asia",NA,"Food","Beverages and other","t","Balance",2012,12977000
NA,NA,"Eastern Asia",NA,"Food","Beverages and other","t","Balance",2013,13051333.333333334
NA,NA,"Eastern Asia",NA,"Food","Beverages and other","t","Balance",2014,13939333.333333334
NA,NA,"Eastern Asia",NA,"Food","Beverages and other","t","Balance",2015,13593333.333333334
NA,NA,"Eastern Asia",NA,"Food","Beverages and other","t","Balance",2016,13245666.666666666
NA,NA,"Eastern Asia",NA,"Food","Beverages and other","t","Balance",2017,13384833.333333334
NA,NA,"Eastern Asia",NA,"Food","Beverages and other","t","Balance",2018,12623166.666666666
NA,NA,"Eastern Asia",NA,"Food","Beverages and other","t","Balance",2019,12435000
NA,NA,"Eastern Asia",NA,"Food","Beverages and other","t","Balance",2020,11899500
NA,NA,"Eastern Asia",NA,"Food","Beverages and other","t","Balance",2021,12395833.333333334
NA,NA,"Eastern Asia",NA,"Food","Beverages and other","t","Balance",2022,12788333.333333334
NA,NA,"Eastern Asia",NA,"Food","Beverages and other","t","Balance",2023,12645833.333333334
NA,NA,"Eastern Asia",NA,"Food","Cereals","t","Balance",2010,48677333.333333336
NA,NA,"Eastern Asia",NA,"Food","Cereals","t","Balance",2011,50010833.333333336
NA,NA,"Eastern Asia",NA,"Food","Cereals","t","Balance",2012,49807833.333333336
NA,NA,"Eastern Asia",NA,"Food","Cereals","t","Balance",2013,49553500
NA,NA,"Eastern Asia",NA,"Food","Cereals","t","Balance",2014,50185333.333333336
NA,NA,"Eastern Asia",NA,"Food","Cereals","t","Balance",2015,51454833.333333336
NA,NA,"Eastern Asia",NA,"Food","Cereals","t","Balance",2016,51618833.333333336
NA,NA,"Eastern Asia",NA,"Food","Cereals","t","Balance",2017,51955333.333333336
NA,NA,"Eastern Asia",NA,"Food","Cereals","t","Balance",2018,52542833.333333336
NA,NA,"Eastern Asia",NA,"Food","Cereals","t","Balance",2019,51324833.333333336
NA,NA,"Eastern Asia",NA,"Food","Cereals","t","Balance",2020,52984833.333333336
NA,NA,"Eastern Asia",NA,"Food","Cereals","t","Balance",2021,52806333.333333336
NA,NA,"Eastern Asia",NA,"Food","Cereals","t","Balance",2022,53478333.333333336
NA,NA,"Eastern Asia",NA,"Food","Cereals","t","Balance",2023,53381666.666666664
NA,NA,"Eastern Asia",NA,"Food","Dairy and eggs (excl. butter)","t","Balance",2010,22708333.333333332
NA,NA,"Eastern Asia",NA,"Food","Dairy and eggs (excl. butter)","t","Balance",2011,23265666.666666668
NA,NA,"Eastern Asia",NA,"Food","Dairy and eggs (excl. butter)","t","Balance",2012,23737000
NA,NA,"Eastern Asia",NA,"Food","Dairy and eggs (excl. butter)","t","Balance",2013,23522333.333333332
NA,NA,"Eastern Asia",NA,"Food","Dairy and eggs (excl. butter)","t","Balance",2014,25025666.666666668
NA,NA,"Eastern Asia",NA,"Food","Dairy and eggs (excl. butter)","t","Balance",2015,22994333.333333332
NA,NA,"Eastern Asia",NA,"Food","Dairy and eggs (excl. butter)","t","Balance",2016,23277333.333333332
NA,NA,"Eastern Asia",NA,"Food","Dairy and eggs (excl. butter)","t","Balance",2017,23430333.333333332
NA,NA,"Eastern Asia",NA,"Food","Dairy and eggs (excl. butter)","t","Balance",2018,23895666.666666668
NA,NA,"Eastern Asia",NA,"Food","Dairy and eggs (excl. butter)","t","Balance",2019,25351666.666666668
NA,NA,"Eastern Asia",NA,"Food","Dairy and eggs (excl. butter)","t","Balance",2020,26500000
NA,NA,"Eastern Asia",NA,"Food","Dairy and eggs (excl. butter)","t","Balance",2021,28040666.666666668
NA,NA,"Eastern Asia",NA,"Food","Dairy and eggs (excl. butter)","t","Balance",2022,28215000
NA,NA,"Eastern Asia",NA,"Food","Dairy and eggs (excl. butter)","t","Balance",2023,28575000
NA,NA,"Eastern Asia",NA,"Food","Fats and oils","t","Balance",2010,4402833.333333333
NA,NA,"Eastern Asia",NA,"Food","Fats and oils","t","Balance",2011,4312666.666666667
NA,NA,"Eastern Asia",NA,"Food","Fats and oils","t","Balance",2012,4469166.666666667
NA,NA,"Eastern Asia",NA,"Food","Fats and oils","t","Balance",2013,4654166.666666667
NA,NA,"Eastern Asia",NA,"Food","Fats and oils","t","Balance",2014,4865166.666666667
NA,NA,"Eastern Asia",NA,"Food","Fats and oils","t","Balance",2015,4967666.666666667
NA,NA,"Eastern Asia",NA,"Food","Fats and oils","t","Balance",2016,5132166.666666667
NA,NA,"Eastern Asia",NA,"Food","Fats and oils","t","Balance",2017,5380166.666666667
NA,NA,"Eastern Asia",NA,"Food","Fats and oils","t","Balance",2018,5506333.333333333
NA,NA,"Eastern Asia",NA,"Food","Fats and oils","t","Balance",2019,5865833.333333333
NA,NA,"Eastern Asia",NA,"Food","Fats and oils","t","Balance",2020,6087166.666666667
NA,NA,"Eastern Asia",NA,"Food","Fats and oils","t","Balance",2021,6189166.666666667
NA,NA,"Eastern Asia",NA,"Food","Fats and oils","t","Balance",2022,5910666.666666667
NA,NA,"Eastern Asia",NA,"Food","Fats and oils","t","Balance",2023,6367666.666666667
NA,NA,"Eastern Asia",NA,"Food","Fish and seafood","t","Balance",2010,10141000
NA,NA,"Eastern Asia",NA,"Food","Fish and seafood","t","Balance",2011,10385333.333333334
NA,NA,"Eastern Asia",NA,"Food","Fish and seafood","t","Balance",2012,10888833.333333334
NA,NA,"Eastern Asia",NA,"Food","Fish and seafood","t","Balance",2013,11398166.666666666
NA,NA,"Eastern Asia",NA,"Food","Fish and seafood","t","Balance",2014,11865500
NA,NA,"Eastern Asia",NA,"Food","Fish and seafood","t","Balance",2015,12424833.333333334
NA,NA,"Eastern Asia",NA,"Food","Fish and seafood","t","Balance",2016,12756000
NA,NA,"Eastern Asia",NA,"Food","Fish and seafood","t","Balance",2017,13139166.666666666
NA,NA,"Eastern Asia",NA,"Food","Fish and seafood","t","Balance",2018,13397666.666666666
NA,NA,"Eastern Asia",NA,"Food","Fish and seafood","t","Balance",2019,13938666.666666666
NA,NA,"Eastern Asia",NA,"Food","Fish and seafood","t","Balance",2020,14179166.666666666
NA,NA,"Eastern Asia",NA,"Food","Fish and seafood","t","Balance",2021,14410166.666666666
NA,NA,"Eastern Asia",NA,"Food","Fish and seafood","t","Balance",2022,14410166.666666666
NA,NA,"Eastern Asia",NA,"Food","Fish and seafood","t","Balance",2023,14410166.666666666
NA,NA,"Eastern Asia",NA,"Food","Fruits and vegetables","t","Balance",2010,94071833.33333333
NA,NA,"Eastern Asia",NA,"Food","Fruits and vegetables","t","Balance",2011,97710333.33333333
NA,NA,"Eastern Asia",NA,"Food","Fruits and vegetables","t","Balance",2012,100276666.66666667
NA,NA,"Eastern Asia",NA,"Food","Fruits and vegetables","t","Balance",2013,102613833.33333333
NA,NA,"Eastern Asia",NA,"Food","Fruits and vegetables","t","Balance",2014,105566833.33333333
NA,NA,"Eastern Asia",NA,"Food","Fruits and vegetables","t","Balance",2015,110207333.33333333
NA,NA,"Eastern Asia",NA,"Food","Fruits and vegetables","t","Balance",2016,112069166.66666667
NA,NA,"Eastern Asia",NA,"Food","Fruits and vegetables","t","Balance",2017,114826500
NA,NA,"Eastern Asia",NA,"Food","Fruits and vegetables","t","Balance",2018,117289666.66666667
NA,NA,"Eastern Asia",NA,"Food","Fruits and vegetables","t","Balance",2019,119337333.33333333
NA,NA,"Eastern Asia",NA,"Food","Fruits and vegetables","t","Balance",2020,120806833.33333333
NA,NA,"Eastern Asia",NA,"Food","Fruits and vegetables","t","Balance",2021,123973166.66666667
NA,NA,"Eastern Asia",NA,"Food","Fruits and vegetables","t","Balance",2022,126034666.66666667
NA,NA,"Eastern Asia",NA,"Food","Fruits and vegetables","t","Balance",2023,127637333.33333333
NA,NA,"Eastern Asia",NA,"Food","Meat","t","Balance",2010,14746666.666666666
NA,NA,"Eastern Asia",NA,"Food","Meat","t","Balance",2011,14615166.666666666
NA,NA,"Eastern Asia",NA,"Food","Meat","t","Balance",2012,14926500
NA,NA,"Eastern Asia",NA,"Food","Meat","t","Balance",2013,15315500
NA,NA,"Eastern Asia",NA,"Food","Meat","t","Balance",2014,15781500
NA,NA,"Eastern Asia",NA,"Food","Meat","t","Balance",2015,15981166.666666666
NA,NA,"Eastern Asia",NA,"Food","Meat","t","Balance",2016,16480833.333333334
NA,NA,"Eastern Asia",NA,"Food","Meat","t","Balance",2017,16481166.666666666
NA,NA,"Eastern Asia",NA,"Food","Meat","t","Balance",2018,16658333.333333334
NA,NA,"Eastern Asia",NA,"Food","Meat","t","Balance",2019,16735000
NA,NA,"Eastern Asia",NA,"Food","Meat","t","Balance",2020,15925000
NA,NA,"Eastern Asia",NA,"Food","Meat","t","Balance",2021,17681000
NA,NA,"Eastern Asia",NA,"Food","Meat","t","Balance",2022,18616500
NA,NA,"Eastern Asia",NA,"Food","Meat","t","Balance",2023,19492833.333333332
NA,NA,"Eastern Asia",NA,"Food","Pulses","t","Balance",2010,327000
NA,NA,"Eastern Asia",NA,"Food","Pulses","t","Balance",2011,339000
NA,NA,"Eastern Asia",NA,"Food","Pulses","t","Balance",2012,344333.3333333333
NA,NA,"Eastern Asia",NA,"Food","Pulses","t","Balance",2013,353000
NA,NA,"Eastern Asia",NA,"Food","Pulses","t","Balance",2014,352500
NA,NA,"Eastern Asia",NA,"Food","Pulses","t","Balance",2015,369166.6666666667
NA,NA,"Eastern Asia",NA,"Food","Pulses","t","Balance",2016,395000
NA,NA,"Eastern Asia",NA,"Food","Pulses","t","Balance",2017,444166.6666666667
NA,NA,"Eastern Asia",NA,"Food","Pulses","t","Balance",2018,492833.3333333333
NA,NA,"Eastern Asia",NA,"Food","Pulses","t","Balance",2019,446833.3333333333
NA,NA,"Eastern Asia",NA,"Food","Pulses","t","Balance",2020,486166.6666666667
NA,NA,"Eastern Asia",NA,"Food","Pulses","t","Balance",2021,482000
NA,NA,"Eastern Asia",NA,"Food","Pulses","t","Balance",2022,460000
NA,NA,"Eastern Asia",NA,"Food","Pulses","t","Balance",2023,498166.6666666667
NA,NA,"Eastern Asia",NA,"Food","Starchy roots","t","Balance",2010,15705333.333333334
NA,NA,"Eastern Asia",NA,"Food","Starchy roots","t","Balance",2011,15840833.333333334
NA,NA,"Eastern Asia",NA,"Food","Starchy roots","t","Balance",2012,16086500
NA,NA,"Eastern Asia",NA,"Food","Starchy roots","t","Balance",2013,16290166.666666666
NA,NA,"Eastern Asia",NA,"Food","Starchy roots","t","Balance",2014,17003833.333333332
NA,NA,"Eastern Asia",NA,"Food","Starchy roots","t","Balance",2015,15878000
NA,NA,"Eastern Asia",NA,"Food","Starchy roots","t","Balance",2016,15978666.666666666
NA,NA,"Eastern Asia",NA,"Food","Starchy roots","t","Balance",2017,16308000
NA,NA,"Eastern Asia",NA,"Food","Starchy roots","t","Balance",2018,16637833.333333334
NA,NA,"Eastern Asia",NA,"Food","Starchy roots","t","Balance",2019,16354000
NA,NA,"Eastern Asia",NA,"Food","Starchy roots","t","Balance",2020,16026666.666666666
NA,NA,"Eastern Asia",NA,"Food","Starchy roots","t","Balance",2021,16649000
NA,NA,"Eastern Asia",NA,"Food","Starchy roots","t","Balance",2022,16661333.333333334
NA,NA,"Eastern Asia",NA,"Food","Starchy roots","t","Balance",2023,16756166.666666666
NA,NA,"Eastern Asia",NA,"Food","Sugar","t","Balance",2010,2021000
NA,NA,"Eastern Asia",NA,"Food","Sugar","t","Balance",2011,2091333.3333333333
NA,NA,"Eastern Asia",NA,"Food","Sugar","t","Balance",2012,2149666.6666666665
NA,NA,"Eastern Asia",NA,"Food","Sugar","t","Balance",2013,2204333.3333333335
NA,NA,"Eastern Asia",NA,"Food","Sugar","t","Balance",2014,2660333.3333333335
NA,NA,"Eastern Asia",NA,"Food","Sugar","t","Balance",2015,2650166.6666666665
NA,NA,"Eastern Asia",NA,"Food","Sugar","t","Balance",2016,2297666.6666666665
NA,NA,"Eastern Asia",NA,"Food","Sugar","t","Balance",2017,2636333.3333333335
NA,NA,"Eastern Asia",NA,"Food","Sugar","t","Balance",2018,2428000
NA,NA,"Eastern Asia",NA,"Food","Sugar","t","Balance",2019,2612166.6666666665
NA,NA,"Eastern Asia",NA,"Food","Sugar","t","Balance",2020,2413166.6666666665
NA,NA,"Eastern Asia",NA,"Food","Sugar","t","Balance",2021,2701000
NA,NA,"Eastern Asia",NA,"Food","Sugar","t","Balance",2022,2932333.3333333335
NA,NA,"Eastern Asia",NA,"Food","Sugar","t","Balance",2023,2780166.6666666665
NA,NA,"Eastern Asia",NA,"Food supply (kcal/capita/day)","Beverages and other","kcal/cap/d","Per capita",2010,223.03833333333333
NA,NA,"Eastern Asia",NA,"Food supply (kcal/capita/day)","Beverages and other","kcal/cap/d","Per capita",2011,223.24
NA,NA,"Eastern Asia",NA,"Food supply (kcal/capita/day)","Beverages and other","kcal/cap/d","Per capita",2012,229.15333333333334
NA,NA,"Eastern Asia",NA,"Food supply (kcal/capita/day)","Beverages and other","kcal/cap/d","Per capita",2013,227.825
NA,NA,"Eastern Asia",NA,"Food supply (kcal/capita/day)","Beverages and other","kcal/cap/d","Per capita",2014,256.19166666666666
NA,NA,"Eastern Asia",NA,"Food supply (kcal/capita/day)","Beverages and other","kcal/cap/d","Per capita",2015,252.89166666666665
NA,NA,"Eastern Asia",NA,"Food supply (kcal/capita/day)","Beverages and other","kcal/cap/d","Per capita",2016,246.45166666666665
NA,NA,"Eastern Asia",NA,"Food supply (kcal/capita/day)","Beverages and other","kcal/cap/d","Per capita",2017,249.005
NA,NA,"Eastern Asia",NA,"Food supply (kcal/capita/day)","Beverages and other","kcal/cap/d","Per capita",2018,245.85999999999999
NA,NA,"Eastern Asia",NA,"Food supply (kcal/capita/day)","Beverages and other","kcal/cap/d","Per capita",2019,225.60666666666665
NA,NA,"Eastern Asia",NA,"Food supply (kcal/capita/day)","Beverages and other","kcal/cap/d","Per capita",2020,200.31166666666667
NA,NA,"Eastern Asia",NA,"Food supply (kcal/capita/day)","Beverages and other","kcal/cap/d","Per capita",2021,227.88
NA,NA,"Eastern Asia",NA,"Food supply (kcal/capita/day)","Beverages and other","kcal/cap/d","Per capita",2022,241.66833333333335
NA,NA,"Eastern Asia",NA,"Food supply (kcal/capita/day)","Beverages and other","kcal/cap/d","Per capita",2023,227.54833333333335
NA,NA,"Eastern Asia",NA,"Food supply (kcal/capita/day)","Cereals","kcal/cap/d","Per capita",2010,1146.38
NA,NA,"Eastern Asia",NA,"Food supply (kcal/capita/day)","Cereals","kcal/cap/d","Per capita",2011,1155.04
NA,NA,"Eastern Asia",NA,"Food supply (kcal/capita/day)","Cereals","kcal/cap/d","Per capita",2012,1125.7716666666665
NA,NA,"Eastern Asia",NA,"Food supply (kcal/capita/day)","Cereals","kcal/cap/d","Per capita",2013,1138.1466666666668
NA,NA,"Eastern Asia",NA,"Food supply (kcal/capita/day)","Cereals","kcal/cap/d","Per capita",2014,1128.165
NA,NA,"Eastern Asia",NA,"Food supply (kcal/capita/day)","Cereals","kcal/cap/d","Per capita",2015,1119.185
NA,NA,"Eastern Asia",NA,"Food supply (kcal/capita/day)","Cereals","kcal/cap/d","Per capita",2016,1120.0633333333333
NA,NA,"Eastern Asia",NA,"Food supply (kcal/capita/day)","Cereals","kcal/cap/d","Per capita",2017,1105.2933333333333
NA,NA,"Eastern Asia",NA,"Food supply (kcal/capita/day)","Cereals","kcal/cap/d","Per capita",2018,1113.5116666666668
NA,NA,"Eastern Asia",NA,"Food supply (kcal/capita/day)","Cereals","kcal/cap/d","Per capita",2019,865.7466666666667
NA,NA,"Eastern Asia",NA,"Food supply (kcal/capita/day)","Cereals","kcal/cap/d","Per capita",2020,892.9316666666666
NA,NA,"Eastern Asia",NA,"Food supply (kcal/capita/day)","Cereals","kcal/cap/d","Per capita",2021,888.0883333333333
NA,NA,"Eastern Asia",NA,"Food supply (kcal/capita/day)","Cereals","kcal/cap/d","Per capita",2022,878.2883333333334
NA,NA,"Eastern Asia",NA,"Food supply (kcal/capita/day)","Cereals","kcal/cap/d","Per capita",2023,871.5933333333334
NA,NA,"Eastern Asia",NA,"Food supply (kcal/capita/day)","Dairy and eggs (excl. butter)","kcal/cap/d","Per capita",2010,249.26333333333332
NA,NA,"Eastern Asia",NA,"Food supply (kcal/capita/day)","Dairy and eggs (excl. butter)","kcal/cap/d","Per capita",2011,283.9766666666667
NA,NA,"Eastern Asia",NA,"Food supply (kcal/capita/day)","Dairy and eggs (excl. butter)","kcal/cap/d","Per capita",2012,275.5966666666667
NA,NA,"Eastern Asia",NA,"Food supply (kcal/capita/day)","Dairy and eggs (excl. butter)","kcal/cap/d","Per capita",2013,281.2633333333333
NA,NA,"Eastern Asia",NA,"Food supply (kcal/capita/day)","Dairy and eggs (excl. butter)","kcal/cap/d","Per capita",2014,323.6933333333333
NA,NA,"Eastern Asia",NA,"Food supply (kcal/capita/day)","Dairy and eggs (excl. butter)","kcal/cap/d","Per capita",2015,331.9766666666667
NA,NA,"Eastern Asia",NA,"Food supply (kcal/capita/day)","Dairy and eggs (excl. butter)","kcal/cap/d","Per capita",2016,346.5966666666667
NA,NA,"Eastern Asia",NA,"Food supply (kcal/capita/day)","Dairy and eggs (excl. butter)","kcal/cap/d","Per capita",2017,365.00333333333333
NA,NA,"Eastern Asia",NA,"Food supply (kcal/capita/day)","Dairy and eggs (excl. butter)","kcal/cap/d","Per capita",2018,366.71333333333337
NA,NA,"Eastern Asia",NA,"Food supply (kcal/capita/day)","Dairy and eggs (excl. butter)","kcal/cap/d","Per capita",2019,344.67333333333335
NA,NA,"Eastern Asia",NA,"Food supply (kcal/capita/day)","Dairy and eggs (excl. butter)","kcal/cap/d","Per capita",2020,321.81
NA,NA,"Eastern Asia",NA,"Food supply (kcal/capita/day)","Dairy and eggs (excl. butter)","kcal/cap/d","Per capita",2021,322.9533333333333
NA,NA,"Eastern Asia",NA,"Food supply (kcal/capita/day)","Dairy and eggs (excl. butter)","kcal/cap/d","Per capita",2022,338.25666666666666
NA,NA,"Eastern Asia",NA,"Food supply (kcal/capita/day)","Dairy and eggs (excl. butter)","kcal/cap/d","Per capita",2023,327.31333333333333
NA,NA,"Eastern Asia",NA,"Food supply (kcal/capita/day)","Fats and oils","kcal/cap/d","Per capita",2010,423.59666666666664
NA,NA,"Eastern Asia",NA,"Food supply (kcal/capita/day)","Fats and oils","kcal/cap/d","Per capita",2011,422.625
NA,NA,"Eastern Asia",NA,"Food supply (kcal/capita/day)","Fats and oils","kcal/cap/d","Per capita",2012,432.53166666666664
NA,NA,"Eastern Asia",NA,"Food supply (kcal/capita/day)","Fats and oils","kcal/cap/d","Per capita",2013,427.0516666666667
NA,NA,"Eastern Asia",NA,"Food supply (kcal/capita/day)","Fats and oils","kcal/cap/d","Per capita",2014,414.12666666666667
NA,NA,"Eastern Asia",NA,"Food supply (kcal/capita/day)","Fats and oils","kcal/cap/d","Per capita",2015,429.23833333333334
NA,NA,"Eastern Asia",NA,"Food supply (kcal/capita/day)","Fats and oils","kcal/cap/d","Per capita",2016,430.60333333333335
NA,NA,"Eastern Asia",NA,"Food supply (kcal/capita/day)","Fats and oils","kcal/cap/d","Per capita",2017,428.93
NA,NA,"Eastern Asia",NA,"Food supply (kcal/capita/day)","Fats and oils","kcal/cap/d","Per capita",2018,453.30333333333334
NA,NA,"Eastern Asia",NA,"Food supply (kcal/capita/day)","Fats and oils","kcal/cap/d","Per capita",2019,430.80333333333334
NA,NA,"Eastern Asia",NA,"Food supply (kcal/capita/day)","Fats and oils","kcal/cap/d","Per capita",2020,414.77
NA,NA,"Eastern Asia",NA,"Food supply (kcal/capita/day)","Fats and oils","kcal/cap/d","Per capita",2021,419.9433333333333
NA,NA,"Eastern Asia",NA,"Food supply (kcal/capita/day)","Fats and oils","kcal/cap/d","Per capita",2022,415.60333333333335
NA,NA,"Eastern Asia",NA,"Food supply (kcal/capita/day)","Fats and oils","kcal/cap/d","Per capita",2023,411.11333333333334
NA,NA,"Eastern Asia",NA,"Food supply (kcal/capita/day)","Fish and seafood","kcal/cap/d","Per capita",2010,62.83833333333333
NA,NA,"Eastern Asia",NA,"Food supply (kcal/capita/day)","Fish and seafood","kcal/cap/d","Per capita",2011,64.58666666666667
NA,NA,"Eastern Asia",NA,"Food supply (kcal/capita/day)","Fish and seafood","kcal/cap/d","Per capita",2012,64.44500000000001
NA,NA,"Eastern Asia",NA,"Food supply (kcal/capita/day)","Fish and seafood","kcal/cap/d","Per capita",2013,63.12
NA,NA,"Eastern Asia",NA,"Food supply (kcal/capita/day)","Fish and seafood","kcal/cap/d","Per capita",2014,66.47
NA,NA,"Eastern Asia",NA,"Food supply (kcal/capita/day)","Fish and seafood","kcal/cap/d","Per capita",2015,69.35333333333334
NA,NA,"Eastern Asia",NA,"Food supply (kcal/capita/day)","Fish and seafood","kcal/cap/d","Per capita",2016,66.53
NA,NA,"Eastern Asia",NA,"Food supply (kcal/capita/day)","Fish and seafood","kcal/cap/d","Per capita",2017,68.93833333333333
NA,NA,"Eastern Asia",NA,"Food supply (kcal/capita/day)","Fish and seafood","kcal/cap/d","Per capita",2018,70.09833333333334
NA,NA,"Eastern Asia",NA,"Food supply (kcal/capita/day)","Fish and seafood","kcal/cap/d","Per capita",2019,66.85333333333332
NA,NA,"Eastern Asia",NA,"Food supply (kcal/capita/day)","Fish and seafood","kcal/cap/d","Per capita",2020,65.06333333333333
NA,NA,"Eastern Asia",NA,"Food supply (kcal/capita/day)","Fish and seafood","kcal/cap/d","Per capita",2021,65.515
NA,NA,"Eastern Asia",NA,"Food supply (kcal/capita/day)","Fish and seafood","kcal/cap/d","Per capita",2022,65.36833333333334
NA,NA,"Eastern Asia",NA,"Food supply (kcal/capita/day)","Fish and seafood","kcal/cap/d","Per capita",2023,65.25833333333333
NA,NA,"Eastern Asia",NA,"Food supply (kcal/capita/day)","Fruits and vegetables","kcal/cap/d","Per capita",2010,185.25166666666667
NA,NA,"Eastern Asia",NA,"Food supply (kcal/capita/day)","Fruits and vegetables","kcal/cap/d","Per capita",2011,192.16
NA,NA,"Eastern Asia",NA,"Food supply (kcal/capita/day)","Fruits and vegetables","kcal/cap/d","Per capita",2012,197.635
NA,NA,"Eastern Asia",NA,"Food supply (kcal/capita/day)","Fruits and vegetables","kcal/cap/d","Per capita",2013,195.95166666666668
NA,NA,"Eastern Asia",NA,"Food supply (kcal/capita/day)","Fruits and vegetables","kcal/cap/d","Per capita",2014,205.20833333333334
NA,NA,"Eastern Asia",NA,"Food supply (kcal/capita/day)","Fruits and vegetables","kcal/cap/d","Per capita",2015,199.82666666666668
NA,NA,"Eastern Asia",NA,"Food supply (kcal/capita/day)","Fruits and vegetables","kcal/cap/d","Per capita",2016,200.47333333333333
NA,NA,"Eastern Asia",NA,"Food supply (kcal/capita/day)","Fruits and vegetables","kcal/cap/d","Per capita",2017,204.57
NA,NA,"Eastern Asia",NA,"Food supply (kcal/capita/day)","Fruits and vegetables","kcal/cap/d","Per capita",2018,210.985
NA,NA,"Eastern Asia",NA,"Food supply (kcal/capita/day)","Fruits and vegetables","kcal/cap/d","Per capita",2019,201.51
NA,NA,"Eastern Asia",NA,"Food supply (kcal/capita/day)","Fruits and vegetables","kcal/cap/d","Per capita",2020,189.88166666666666
NA,NA,"Eastern Asia",NA,"Food supply (kcal/capita/day)","Fruits and vegetables","kcal/cap/d","Per capita",2021,200.48666666666668
NA,NA,"Eastern Asia",NA,"Food supply (kcal/capita/day)","Fruits and vegetables","kcal/cap/d","Per capita",2022,198.30666666666667
NA,NA,"Eastern Asia",NA,"Food supply (kcal/capita/day)","Fruits and vegetables","kcal/cap/d","Per capita",2023,202.19666666666666
NA,NA,"Eastern Asia",NA,"Food supply (kcal/capita/day)","Meat","kcal/cap/d","Per capita",2010,371.7066666666667
NA,NA,"Eastern Asia",NA,"Food supply (kcal/capita/day)","Meat","kcal/cap/d","Per capita",2011,388.56666666666666
NA,NA,"Eastern Asia",NA,"Food supply (kcal/capita/day)","Meat","kcal/cap/d","Per capita",2012,392.3616666666667
NA,NA,"Eastern Asia",NA,"Food supply (kcal/capita/day)","Meat","kcal/cap/d","Per capita",2013,399.49333333333334
NA,NA,"Eastern Asia",NA,"Food supply (kcal/capita/day)","Meat","kcal/cap/d","Per capita",2014,405.7033333333333
NA,NA,"Eastern Asia",NA,"Food supply (kcal/capita/day)","Meat","kcal/cap/d","Per capita",2015,416.15000000000003
NA,NA,"Eastern Asia",NA,"Food supply (kcal/capita/day)","Meat","kcal/cap/d","Per capita",2016,422.295
NA,NA,"Eastern Asia",NA,"Food supply (kcal/capita/day)","Meat","kcal/cap/d","Per capita",2017,439.84
NA,NA,"Eastern Asia",NA,"Food supply (kcal/capita/day)","Meat","kcal/cap/d","Per capita",2018,430.74
NA,NA,"Eastern Asia",NA,"Food supply (kcal/capita/day)","Meat","kcal/cap/d","Per capita",2019,437.8616666666667
NA,NA,"Eastern Asia",NA,"Food supply (kcal/capita/day)","Meat","kcal/cap/d","Per capita",2020,439.5366666666667
NA,NA,"Eastern Asia",NA,"Food supply (kcal/capita/day)","Meat","kcal/cap/d","Per capita",2021,441.43333333333334
NA,NA,"Eastern Asia",NA,"Food supply (kcal/capita/day)","Meat","kcal/cap/d","Per capita",2022,427.85999999999996
NA,NA,"Eastern Asia",NA,"Food supply (kcal/capita/day)","Meat","kcal/cap/d","Per capita",2023,438.3416666666667
NA,NA,"Eastern Asia",NA,"Food supply (kcal/capita/day)","Pulses","kcal/cap/d","Per capita",2010,27.51
NA,NA,"Eastern Asia",NA,"Food supply (kcal/capita/day)","Pulses","kcal/cap/d","Per capita",2011,26.91166666666667
NA,NA,"Eastern Asia",NA,"Food supply (kcal/capita/day)","Pulses","kcal/cap/d","Per capita",2012,26.665000000000003
NA,NA,"Eastern Asia",NA,"Food supply (kcal/capita/day)","Pulses","kcal/cap/d","Per capita",2013,26.705
NA,NA,"Eastern Asia",NA,"Food supply (kcal/capita/day)","Pulses","kcal/cap/d","Per capita",2014,26.14
NA,NA,"Eastern Asia",NA,"Food supply (kcal/capita/day)","Pulses","kcal/cap/d","Per capita",2015,26.045
NA,NA,"Eastern Asia",NA,"Food supply (kcal/capita/day)","Pulses","kcal/cap/d","Per capita",2016,25.653333333333332
NA,NA,"Eastern Asia",NA,"Food supply (kcal/capita/day)","Pulses","kcal/cap/d","Per capita",2017,23.096666666666668
NA,NA,"Eastern Asia",NA,"Food supply (kcal/capita/day)","Pulses","kcal/cap/d","Per capita",2018,23.488333333333333
NA,NA,"Eastern Asia",NA,"Food supply (kcal/capita/day)","Pulses","kcal/cap/d","Per capita",2019,7.878333333333333
NA,NA,"Eastern Asia",NA,"Food supply (kcal/capita/day)","Pulses","kcal/cap/d","Per capita",2020,8.276666666666667
NA,NA,"Eastern Asia",NA,"Food supply (kcal/capita/day)","Pulses","kcal/cap/d","Per capita",2021,8.4783333333333335
NA,NA,"Eastern Asia",NA,"Food supply (kcal/capita/day)","Pulses","kcal/cap/d","Per capita",2022,8.115
NA,NA,"Eastern Asia",NA,"Food supply (kcal/capita/day)","Pulses","kcal/cap/d","Per capita",2023,9.831666666666667
NA,NA,"Eastern Asia",NA,"Food supply (kcal/capita/day)","Starchy roots","kcal/cap/d","Per capita",2010,81.52333333333334
NA,NA,"Eastern Asia",NA,"Food supply (kcal/capita/day)","Starchy roots","kcal/cap/d","Per capita",2011,81.87333333333333
NA,NA,"Eastern Asia",NA,"Food supply (kcal/capita/day)","Starchy roots","kcal/cap/d","Per capita",2012,83.62333333333333
NA,NA,"Eastern Asia",NA,"Food supply (kcal/capita/day)","Starchy roots","kcal/cap/d","Per capita",2013,75.775
NA,NA,"Eastern Asia",NA,"Food supply (kcal/capita/day)","Starchy roots","kcal/cap/d","Per capita",2014,77.62833333333333
NA,NA,"Eastern Asia",NA,"Food supply (kcal/capita/day)","Starchy roots","kcal/cap/d","Per capita",2015,78.49333333333334
NA,NA,"Eastern Asia",NA,"Food supply (kcal/capita/day)","Starchy roots","kcal/cap/d","Per capita",2016,74.18833333333333
NA,NA,"Eastern Asia",NA,"Food supply (kcal/capita/day)","Starchy roots","kcal/cap/d","Per capita",2017,71.56833333333333
NA,NA,"Eastern Asia",NA,"Food supply (kcal/capita/day)","Starchy roots","kcal/cap/d","Per capita",2018,73.94666666666667
NA,NA,"Eastern Asia",NA,"Food supply (kcal/capita/day)","Starchy roots","kcal/cap/d","Per capita",2019,62.983333333333334
NA,NA,"Eastern Asia",NA,"Food supply (kcal/capita/day)","Starchy roots","kcal/cap/d","Per capita",2020,64.635
NA,NA,"Eastern Asia",NA,"Food supply (kcal/capita/day)","Starchy roots","kcal/cap/d","Per capita",2021,61.92666666666666
NA,NA,"Eastern Asia",NA,"Food supply (kcal/capita/day)","Starchy roots","kcal/cap/d","Per capita",2022,63.74666666666667
NA,NA,"Eastern Asia",NA,"Food supply (kcal/capita/day)","Starchy roots","kcal/cap/d","Per capita",2023,61.28333333333333
NA,NA,"Eastern Asia",NA,"Food supply (kcal/capita/day)","Sugar","kcal/cap/d","Per capita",2010,207.82833333333335
NA,NA,"Eastern Asia",NA,"Food supply (kcal/capita/day)","Sugar","kcal/cap/d","Per capita",2011,206.39333333333335
NA,NA,"Eastern Asia",NA,"Food supply (kcal/capita/day)","Sugar","kcal/cap/d","Per capita",2012,209.67666666666668
NA,NA,"Eastern Asia",NA,"Food supply (kcal/capita/day)","Sugar","kcal/cap/d","Per capita",2013,203.54833333333332
NA,NA,"Eastern Asia",NA,"Food supply (kcal/capita/day)","Sugar","kcal/cap/d","Per capita",2014,224.655
NA,NA,"Eastern Asia",NA,"Food supply (kcal/capita/day)","Sugar","kcal/cap/d","Per capita",2015,213.735
NA,NA,"Eastern Asia",NA,"Food supply (kcal/capita/day)","Sugar","kcal/cap/d","Per capita",2016,213.56333333333333
NA,NA,"Eastern Asia",NA,"Food supply (kcal/capita/day)","Sugar","kcal/cap/d","Per capita",2017,215.3
NA,NA,"Eastern Asia",NA,"Food supply (kcal/capita/day)","Sugar","kcal/cap/d","Per capita",2018,216.76333333333332
NA,NA,"Eastern Asia",NA,"Food supply (kcal/capita/day)","Sugar","kcal/cap/d","Per capita",2019,218.35833333333332
NA,NA,"Eastern Asia",NA,"Food supply (kcal/capita/day)","Sugar","kcal/cap/d","Per capita",2020,205.41666666666666
NA,NA,"Eastern Asia",NA,"Food supply (kcal/capita/day)","Sugar","kcal/cap/d","Per capita",2021,204.81666666666666
NA,NA,"Eastern Asia",NA,"Food supply (kcal/capita/day)","Sugar","kcal/cap/d","Per capita",2022,209.25166666666667
NA,NA,"Eastern Asia",NA,"Food supply (kcal/capita/day)","Sugar","kcal/cap/d","Per capita",2023,213.74833333333333
NA,NA,"Eastern Asia",NA,"Food supply quantity (kg/capita/yr)","Beverages and other","kg/cap","Per capita",2010,76.41166666666666
NA,NA,"Eastern Asia",NA,"Food supply quantity (kg/capita/yr)","Beverages and other","kg/cap","Per capita",2011,78.01
NA,NA,"Eastern Asia",NA,"Food supply quantity (kg/capita/yr)","Beverages and other","kg/cap","Per capita",2012,79.27666666666667
NA,NA,"Eastern Asia",NA,"Food supply quantity (kg/capita/yr)","Beverages and other","kg/cap","Per capita",2013,78.38499999999999
NA,NA,"Eastern Asia",NA,"Food supply quantity (kg/capita/yr)","Beverages and other","kg/cap","Per capita",2014,78.765
NA,NA,"Eastern Asia",NA,"Food supply quantity (kg/capita/yr)","Beverages and other","kg/cap","Per capita",2015,77.76666666666667
NA,NA,"Eastern Asia",NA,"Food supply quantity (kg/capita/yr)","Beverages and other","kg/cap","Per capita",2016,77.085
NA,NA,"Eastern Asia",NA,"Food supply quantity (kg/capita/yr)","Beverages and other","kg/cap","Per capita",2017,77.52333333333333
NA,NA,"Eastern Asia",NA,"Food supply quantity (kg/capita/yr)","Beverages and other","kg/cap","Per capita",2018,76.75
NA,NA,"Eastern Asia",NA,"Food supply quantity (kg/capita/yr)","Beverages and other","kg/cap","Per capita",2019,72.99166666666666
NA,NA,"Eastern Asia",NA,"Food supply quantity (kg/capita/yr)","Beverages and other","kg/cap","Per capita",2020,68.29833333333333
NA,NA,"Eastern Asia",NA,"Food supply quantity (kg/capita/yr)","Beverages and other","kg/cap","Per capita",2021,76.19333333333333
NA,NA,"Eastern Asia",NA,"Food supply quantity (kg/capita/yr)","Beverages and other","kg/cap","Per capita",2022,80.86333333333333
NA,NA,"Eastern Asia",NA,"Food supply quantity (kg/capita/yr)","Beverages and other","kg/cap","Per capita",2023,80.06166666666667
NA,NA,"Eastern Asia",NA,"Food supply quantity (kg/capita/yr)","Cereals","kg/cap","Per capita",2010,167.47166666666666
NA,NA,"Eastern Asia",NA,"Food supply quantity (kg/capita/yr)","Cereals","kg/cap","Per capita",2011,168.7
NA,NA,"Eastern Asia",NA,"Food supply quantity (kg/capita/yr)","Cereals","kg/cap","Per capita",2012,165.05666666666667
NA,NA,"Eastern Asia",NA,"Food supply quantity (kg/capita/yr)","Cereals","kg/cap","Per capita",2013,166.885
NA,NA,"Eastern Asia",NA,"Food supply quantity (kg/capita/yr)","Cereals","kg/cap","Per capita",2014,166.15666666666667
NA,NA,"Eastern Asia",NA,"Food supply quantity (kg/capita/yr)","Cereals","kg/cap","Per capita",2015,164.77833333333334
NA,NA,"Eastern Asia",NA,"Food supply quantity (kg/capita/yr)","Cereals","kg/cap","Per capita",2016,164.615
NA,NA,"Eastern Asia",NA,"Food supply quantity (kg/capita/yr)","Cereals","kg/cap","Per capita",2017,160.57333333333335
NA,NA,"Eastern Asia",NA,"Food supply quantity (kg/capita/yr)","Cereals","kg/cap","Per capita",2018,162.22333333333333
NA,NA,"Eastern Asia",NA,"Food supply quantity (kg/capita/yr)","Cereals","kg/cap","Per capita",2019,123.73
NA,NA,"Eastern Asia",NA,"Food supply quantity (kg/capita/yr)","Cereals","kg/cap","Per capita",2020,127.34833333333333
NA,NA,"Eastern Asia",NA,"Food supply quantity (kg/capita/yr)","Cereals","kg/cap","Per capita",2021,126.47666666666667
NA,NA,"Eastern Asia",NA,"Food supply quantity (kg/capita/yr)","Cereals","kg/cap","Per capita",2022,124.35166666666666
NA,NA,"Eastern Asia",NA,"Food supply quantity (kg/capita/yr)","Cereals","kg/cap","Per capita",2023,124.01333333333332
NA,NA,"Eastern Asia",NA,"Food supply quantity (kg/capita/yr)","Dairy and eggs (excl. butter)","kg/cap","Per capita",2010,104.70666666666668
NA,NA,"Eastern Asia",NA,"Food supply quantity (kg/capita/yr)","Dairy and eggs (excl. butter)","kg/cap","Per capita",2011,121.54
NA,NA,"Eastern Asia",NA,"Food supply quantity (kg/capita/yr)","Dairy and eggs (excl. butter)","kg/cap","Per capita",2012,115.65333333333334
NA,NA,"Eastern Asia",NA,"Food supply quantity (kg/capita/yr)","Dairy and eggs (excl. butter)","kg/cap","Per capita",2013,118.89333333333333
NA,NA,"Eastern Asia",NA,"Food supply quantity (kg/capita/yr)","Dairy and eggs (excl. butter)","kg/cap","Per capita",2014,147.40666666666667
NA,NA,"Eastern Asia",NA,"Food supply quantity (kg/capita/yr)","Dairy and eggs (excl. butter)","kg/cap","Per capita",2015,149.26666666666668
NA,NA,"Eastern Asia",NA,"Food supply quantity (kg/capita/yr)","Dairy and eggs (excl. butter)","kg/cap","Per capita",2016,155.81333333333333
NA,NA,"Eastern Asia",NA,"Food supply quantity (kg/capita/yr)","Dairy and eggs (excl. butter)","kg/cap","Per capita",2017,184.60999999999999
NA,NA,"Eastern Asia",NA,"Food supply quantity (kg/capita/yr)","Dairy and eggs (excl. butter)","kg/cap","Per capita",2018,183.2133333333333
NA,NA,"Eastern Asia",NA,"Food supply quantity (kg/capita/yr)","Dairy and eggs (excl. butter)","kg/cap","Per capita",2019,156.24666666666667
NA,NA,"Eastern Asia",NA,"Food supply quantity (kg/capita/yr)","Dairy and eggs (excl. butter)","kg/cap","Per capita",2020,147.09666666666666
NA,NA,"Eastern Asia",NA,"Food supply quantity (kg/capita/yr)","Dairy and eggs (excl. butter)","kg/cap","Per capita",2021,156.73333333333332
NA,NA,"Eastern Asia",NA,"Food supply quantity (kg/capita/yr)","Dairy and eggs (excl. butter)","kg/cap","Per capita",2022,165.38333333333333
NA,NA,"Eastern Asia",NA,"Food supply quantity (kg/capita/yr)","Dairy and eggs (excl. butter)","kg/cap","Per capita",2023,151.54666666666668
NA,NA,"Eastern Asia",NA,"Food supply quantity (kg/capita/yr)","Fats and oils","kg/cap","Per capita",2010,22.965
NA,NA,"Eastern Asia",NA,"Food supply quantity (kg/capita/yr)","Fats and oils","kg/cap","Per capita",2011,23.338333333333335
NA,NA,"Eastern Asia",NA,"Food supply quantity (kg/capita/yr)","Fats and oils","kg/cap","Per capita",2012,23.363333333333333
NA,NA,"Eastern Asia",NA,"Food supply quantity (kg/capita/yr)","Fats and oils","kg/cap","Per capita",2013,22.621666666666666
NA,NA,"Eastern Asia",NA,"Food supply quantity (kg/capita/yr)","Fats and oils","kg/cap","Per capita",2014,23.099999999999998
NA,NA,"Eastern Asia",NA,"Food supply quantity (kg/capita/yr)","Fats and oils","kg/cap","Per capita",2015,23.46666666666667
NA,NA,"Eastern Asia",NA,"Food supply quantity (kg/capita/yr)","Fats and oils","kg/cap","Per capita",2016,23.886666666666667
NA,NA,"Eastern Asia",NA,"Food supply quantity (kg/capita/yr)","Fats and oils","kg/cap","Per capita",2017,23.723333333333333
NA,NA,"Eastern Asia",NA,"Food supply quantity (kg/capita/yr)","Fats and oils","kg/cap","Per capita",2018,24.348333333333333
NA,NA,"Eastern Asia",NA,"Food supply quantity (kg/capita/yr)","Fats and oils","kg/cap","Per capita",2019,23.243333333333332
NA,NA,"Eastern Asia",NA,"Food supply quantity (kg/capita/yr)","Fats and oils","kg/cap","Per capita",2020,22.48
NA,NA,"Eastern Asia",NA,"Food supply quantity (kg/capita/yr)","Fats and oils","kg/cap","Per capita",2021,22.728333333333335
NA,NA,"Eastern Asia",NA,"Food supply quantity (kg/capita/yr)","Fats and oils","kg/cap","Per capita",2022,22.548333333333332
NA,NA,"Eastern Asia",NA,"Food supply quantity (kg/capita/yr)","Fats and oils","kg/cap","Per capita",2023,22.965
NA,NA,"Eastern Asia",NA,"Food supply quantity (kg/capita/yr)","Fish and seafood","kg/cap","Per capita",2010,42.515
NA,NA,"Eastern Asia",NA,"Food supply quantity (kg/capita/yr)","Fish and seafood","kg/cap","Per capita",2011,43.568333333333335
NA,NA,"Eastern Asia",NA,"Food supply quantity (kg/capita/yr)","Fish and seafood","kg/cap","Per capita",2012,42.10166666666667
NA,NA,"Eastern Asia",NA,"Food supply quantity (kg/capita/yr)","Fish and seafood","kg/cap","Per capita",2013,41.88166666666667
NA,NA,"Eastern Asia",NA,"Food supply quantity (kg/capita/yr)","Fish and seafood","kg/cap","Per capita",2014,44.42
NA,NA,"Eastern Asia",NA,"Food supply quantity (kg/capita/yr)","Fish and seafood","kg/cap","Per capita",2015,45.76
NA,NA,"Eastern Asia",NA,"Food supply quantity (kg/capita/yr)","Fish and seafood","kg/cap","Per capita",2016,45.14
NA,NA,"Eastern Asia",NA,"Food supply quantity (kg/capita/yr)","Fish and seafood","kg/cap","Per capita",2017,46.61666666666667
NA,NA,"Eastern Asia",NA,"Food supply quantity (kg/capita/yr)","Fish and seafood","kg/cap","Per capita",2018,47.405
NA,NA,"Eastern Asia",NA,"Food supply quantity (kg/capita/yr)","Fish and seafood","kg/cap","Per capita",2019,46.595
NA,NA,"Eastern Asia",NA,"Food supply quantity (kg/capita/yr)","Fish and seafood","kg/cap","Per capita",2020,45.15166666666667
NA,NA,"Eastern Asia",NA,"Food supply quantity (kg/capita/yr)","Fish and seafood","kg/cap","Per capita",2021,46.115
NA,NA,"Eastern Asia",NA,"Food supply quantity (kg/capita/yr)","Fish and seafood","kg/cap","Per capita",2022,46.019999999999996
NA,NA,"Eastern Asia",NA,"Food supply quantity (kg/capita/yr)","Fish and seafood","kg/cap","Per capita",2023,45.943333333333335
NA,NA,"Eastern Asia",NA,"Food supply quantity (kg/capita/yr)","Fruits and vegetables","kg/cap","Per capita",2010,219.50333333333333
NA,NA,"Eastern Asia",NA,"Food supply quantity (kg/capita/yr)","Fruits and vegetables","kg/cap","Per capita",2011,227.7866666666667
NA,NA,"Eastern Asia",NA,"Food supply quantity (kg/capita/yr)","Fruits and vegetables","kg/cap","Per capita",2012,234.35833333333335
NA,NA,"Eastern Asia",NA,"Food supply quantity (kg/capita/yr)","Fruits and vegetables","kg/cap","Per capita",2013,230.42333333333335
NA,NA,"Eastern Asia",NA,"Food supply quantity (kg/capita/yr)","Fruits and vegetables","kg/cap","Per capita",2014,238.89000000000001
NA,NA,"Eastern Asia",NA,"Food supply quantity (kg/capita/yr)","Fruits and vegetables","kg/cap","Per capita",2015,233.33166666666668
NA,NA,"Eastern Asia",NA,"Food supply quantity (kg/capita/yr)","Fruits and vegetables","kg/cap","Per capita",2016,234.74166666666667
NA,NA,"Eastern Asia",NA,"Food supply quantity (kg/capita/yr)","Fruits and vegetables","kg/cap","Per capita",2017,240.76999999999998
NA,NA,"Eastern Asia",NA,"Food supply quantity (kg/capita/yr)","Fruits and vegetables","kg/cap","Per capita",2018,245.34333333333333
NA,NA,"Eastern Asia",NA,"Food supply quantity (kg/capita/yr)","Fruits and vegetables","kg/cap","Per capita",2019,231.99166666666665
NA,NA,"Eastern Asia",NA,"Food supply quantity (kg/capita/yr)","Fruits and vegetables","kg/cap","Per capita",2020,217.335
NA,NA,"Eastern Asia",NA,"Food supply quantity (kg/capita/yr)","Fruits and vegetables","kg/cap","Per capita",2021,226.15166666666667
NA,NA,"Eastern Asia",NA,"Food supply quantity (kg/capita/yr)","Fruits and vegetables","kg/cap","Per capita",2022,227.29666666666665
NA,NA,"Eastern Asia",NA,"Food supply quantity (kg/capita/yr)","Fruits and vegetables","kg/cap","Per capita",2023,227.025
NA,NA,"Eastern Asia",NA,"Food supply quantity (kg/capita/yr)","Meat","kg/cap","Per capita",2010,79.58333333333333
NA,NA,"Eastern Asia",NA,"Food supply quantity (kg/capita/yr)","Meat","kg/cap","Per capita",2011,83.67333333333333
NA,NA,"Eastern Asia",NA,"Food supply quantity (kg/capita/yr)","Meat","kg/cap","Per capita",2012,84.86166666666666
NA,NA,"Eastern Asia",NA,"Food supply quantity (kg/capita/yr)","Meat","kg/cap","Per capita",2013,86.025
NA,NA,"Eastern Asia",NA,"Food supply quantity (kg/capita/yr)","Meat","kg/cap","Per capita",2014,88.11666666666667
NA,NA,"Eastern Asia",NA,"Food supply quantity (kg/capita/yr)","Meat","kg/cap","Per capita",2015,89.74333333333333
NA,NA,"Eastern Asia",NA,"Food supply quantity (kg/capita/yr)","Meat","kg/cap","Per capita",2016,92.295
NA,NA,"Eastern Asia",NA,"Food supply quantity (kg/capita/yr)","Meat","kg/cap","Per capita",2017,96.59166666666667
NA,NA,"Eastern Asia",NA,"Food supply quantity (kg/capita/yr)","Meat","kg/cap","Per capita",2018,96.1
NA,NA,"Eastern Asia",NA,"Food supply quantity (kg/capita/yr)","Meat","kg/cap","Per capita",2019,97.77666666666667
NA,NA,"Eastern Asia",NA,"Food supply quantity (kg/capita/yr)","Meat","kg/cap","Per capita",2020,99.00333333333333
NA,NA,"Eastern Asia",NA,"Food supply quantity (kg/capita/yr)","Meat","kg/cap","Per capita",2021,98.82333333333332
NA,NA,"Eastern Asia",NA,"Food supply quantity (kg/capita/yr)","Meat","kg/cap","Per capita",2022,94.99833333333333
NA,NA,"Eastern Asia",NA,"Food supply quantity (kg/capita/yr)","Meat","kg/cap","Per capita",2023,96.21666666666667
NA,NA,"Eastern Asia",NA,"Food supply quantity (kg/capita/yr)","Pulses","kg/cap","Per capita",2010,2.7449999999999997
NA,NA,"Eastern Asia",NA,"Food supply quantity (kg/capita/yr)","Pulses","kg/cap","Per capita",2011,2.731666666666667
NA,NA,"Eastern Asia",NA,"Food supply quantity (kg/capita/yr)","Pulses","kg/cap","Per capita",2012,2.7583333333333333
NA,NA,"Eastern Asia",NA,"Food supply quantity (kg/capita/yr)","Pulses","kg/cap","Per capita",2013,2.75
NA,NA,"Eastern Asia",NA,"Food supply quantity (kg/capita/yr)","Pulses","kg/cap","Per capita",2014,2.783333333333333
NA,NA,"Eastern Asia",NA,"Food supply quantity (kg/capita/yr)","Pulses","kg/cap","Per capita",2015,2.73
NA,NA,"Eastern Asia",NA,"Food supply quantity (kg/capita/yr)","Pulses","kg/cap","Per capita",2016,2.73
NA,NA,"Eastern Asia",NA,"Food supply quantity (kg/capita/yr)","Pulses","kg/cap","Per capita",2017,2.6483333333333334
NA,NA,"Eastern Asia",NA,"Food supply quantity (kg/capita/yr)","Pulses","kg/cap","Per capita",2018,2.6833333333333336
NA,NA,"Eastern Asia",NA,"Food supply quantity (kg/capita/yr)","Pulses","kg/cap","Per capita",2019,0.8416666666666667
NA,NA,"Eastern Asia",NA,"Food supply quantity (kg/capita/yr)","Pulses","kg/cap","Per capita",2020,0.9
NA,NA,"Eastern Asia",NA,"Food supply quantity (kg/capita/yr)","Pulses","kg/cap","Per capita",2021,0.9016666666666666
NA,NA,"Eastern Asia",NA,"Food supply quantity (kg/capita/yr)","Pulses","kg/cap","Per capita",2022,0.8616666666666667
NA,NA,"Eastern Asia",NA,"Food supply quantity (kg/capita/yr)","Pulses","kg/cap","Per capita",2023,0.95
NA,NA,"Eastern Asia",NA,"Food supply quantity (kg/capita/yr)","Starchy roots","kg/cap","Per capita",2010,42.82833333333333
NA,NA,"Eastern Asia",NA,"Food supply quantity (kg/capita/yr)","Starchy roots","kg/cap","Per capita",2011,42.480000000000004
NA,NA,"Eastern Asia",NA,"Food supply quantity (kg/capita/yr)","Starchy roots","kg/cap","Per capita",2012,42.375
NA,NA,"Eastern Asia",NA,"Food supply quantity (kg/capita/yr)","Starchy roots","kg/cap","Per capita",2013,38.083333333333336
NA,NA,"Eastern Asia",NA,"Food supply quantity (kg/capita/yr)","Starchy roots","kg/cap","Per capita",2014,39.608333333333334
NA,NA,"Eastern Asia",NA,"Food supply quantity (kg/capita/yr)","Starchy roots","kg/cap","Per capita",2015,40.42
NA,NA,"Eastern Asia",NA,"Food supply quantity (kg/capita/yr)","Starchy roots","kg/cap","Per capita",2016,37.67166666666667
NA,NA,"Eastern Asia",NA,"Food supply quantity (kg/capita/yr)","Starchy roots","kg/cap","Per capita",2017,36.056666666666665
NA,NA,"Eastern Asia",NA,"Food supply quantity (kg/capita/yr)","Starchy roots","kg/cap","Per capita",2018,37.29333333333333
NA,NA,"Eastern Asia",NA,"Food supply quantity (kg/capita/yr)","Starchy roots","kg/cap","Per capita",2019,31.958333333333332
NA,NA,"Eastern Asia",NA,"Food supply quantity (kg/capita/yr)","Starchy roots","kg/cap","Per capita",2020,34.57
NA,NA,"Eastern Asia",NA,"Food supply quantity (kg/capita/yr)","Starchy roots","kg/cap","Per capita",2021,33.265
NA,NA,"Eastern Asia",NA,"Food supply quantity (kg/capita/yr)","Starchy roots","kg/cap","Per capita",2022,33.99333333333333
NA,NA,"Eastern Asia",NA,"Food supply quantity (kg/capita/yr)","Starchy roots","kg/cap","Per capita",2023,33.38666666666666
NA,NA,"Eastern Asia",NA,"Food supply quantity (kg/capita/yr)","Sugar","kg/cap","Per capita",2010,40.028333333333336
NA,NA,"Eastern Asia",NA,"Food supply quantity (kg/capita/yr)","Sugar","kg/cap","Per capita",2011,41.178333333333335
NA,NA,"Eastern Asia",NA,"Food supply quantity (kg/capita/yr)","Sugar","kg/cap","Per capita",2012,42.486666666666665
NA,NA,"Eastern Asia",NA,"Food supply quantity (kg/capita/yr)","Sugar","kg/cap","Per capita",2013,41.555
NA,NA,"Eastern Asia",NA,"Food supply quantity (kg/capita/yr)","Sugar","kg/cap","Per capita",2014,44.37166666666667
NA,NA,"Eastern Asia",NA,"Food supply quantity (kg/capita/yr)","Sugar","kg/cap","Per capita",2015,42.605
NA,NA,"Eastern Asia",NA,"Food supply quantity (kg/capita/yr)","Sugar","kg/cap","Per capita",2016,43.235
NA,NA,"Eastern Asia",NA,"Food supply quantity (kg/capita/yr)","Sugar","kg/cap","Per capita",2017,44.17333333333334
NA,NA,"Eastern Asia",NA,"Food supply quantity (kg/capita/yr)","Sugar","kg/cap","Per capita",2018,45.04333333333334
NA,NA,"Eastern Asia",NA,"Food supply quantity (kg/capita/yr)","Sugar","kg/cap","Per capita",2019,46.45166666666667
NA,NA,"Eastern Asia",NA,"Food supply quantity (kg/capita/yr)","Sugar","kg/cap","Per capita",2020,45.01
NA,NA,"Eastern Asia",NA,"Food supply quantity (kg/capita/yr)","Sugar","kg/cap","Per capita",2021,46.568333333333335
NA,NA,"Eastern Asia",NA,"Food supply quantity (kg/capita/yr)","Sugar","kg/cap","Per capita",2022,48.10166666666667
NA,NA,"Eastern Asia",NA,"Food supply quantity (kg/capita/yr)","Sugar","kg/cap","Per capita",2023,49.70166666666667
NA,NA,"Eastern Asia",NA,"Import quantity","Beverages and other","t","Balance",2010,631000
NA,NA,"Eastern Asia",NA,"Import quantity","Beverages and other","t","Balance",2011,702833.3333333334
NA,NA,"Eastern Asia",NA,"Import quantity","Beverages and other","t","Balance",2012,783000
NA,NA,"Eastern Asia",NA,"Import quantity","Beverages and other","t","Balance",2013,816000
NA,NA,"Eastern Asia",NA,"Import quantity","Beverages and other","t","Balance",2014,877166.6666666666
NA,NA,"Eastern Asia",NA,"Import quantity","Beverages and other","t","Balance",2015,1103833.3333333333
NA,NA,"Eastern Asia",NA,"Import quantity","Beverages and other","t","Balance",2016,1285833.3333333333
NA,NA,"Eastern Asia",NA,"Import quantity","Beverages and other","t","Balance",2017,1267333.3333333333
NA,NA,"Eastern Asia",NA,"Import quantity","Beverages and other","t","Balance",2018,1466666.6666666667
NA,NA,"Eastern Asia",NA,"Import quantity","Beverages and other","t","Balance",2019,1384666.6666666667
NA,NA,"Eastern Asia",NA,"Import quantity","Beverages and other","t","Balance",2020,1339333.3333333333
NA,NA,"Eastern Asia",NA,"Import quantity","Beverages and other","t","Balance",2021,1514500
NA,NA,"Eastern Asia",NA,"Import quantity","Beverages and other","t","Balance",2022,1352666.6666666667
NA,NA,"Eastern Asia",NA,"Import quantity","Beverages and other","t","Balance",2023,1448333.3333333333
NA,NA,"Eastern Asia",NA,"Import quantity","Cereals","t","Balance",2010,4148666.6666666665
NA,NA,"Eastern Asia",NA,"Import quantity","Cereals","t","Balance",2011,4079333.3333333335
NA,NA,"Eastern Asia",NA,"Import quantity","Cereals","t","Balance",2012,5920333.333333333
NA,NA,"Eastern Asia",NA,"Import quantity","Cereals","t","Balance",2013,5939833.333333333
NA,NA,"Eastern Asia",NA,"Import quantity","Cereals","t","Balance",2014,6988500
NA,NA,"Eastern Asia",NA,"Import quantity","Cereals","t","Balance",2015,9281666.666666666
NA,NA,"Eastern Asia",NA,"Import quantity","Cereals","t","Balance",2016,7428500
NA,NA,"Eastern Asia",NA,"Import quantity","Cereals","t","Balance",2017,8102666.666666667
NA,NA,"Eastern Asia",NA,"Import quantity","Cereals","t","Balance",2018,7359333.333333333
NA,NA,"Eastern Asia",NA,"Import quantity","Cereals","t","Balance",2019,6805166.666666667
NA,NA,"Eastern Asia",NA,"Import quantity","Cereals","t","Balance",2020,10133000
NA,NA,"Eastern Asia",NA,"Import quantity","Cereals","t","Balance",2021,15678000
NA,NA,"Eastern Asia",NA,"Import quantity","Cereals","t","Balance",2022,13958666.666666666
NA,NA,"Eastern Asia",NA,"Import quantity","Cereals","t","Balance",2023,14577500
NA,NA,"Eastern Asia",NA,"Import quantity","Dairy and eggs (excl. butter)","t","Balance",2010,4802333.333333333
NA,NA,"Eastern Asia",NA,"Import quantity","Dairy and eggs (excl. butter)","t","Balance",2011,6064000
NA,NA,"Eastern Asia",NA,"Import quantity","Dairy and eggs (excl. butter)","t","Balance",2012,7005333.333333333
NA,NA,"Eastern Asia",NA,"Import quantity","Dairy and eggs (excl. butter)","t","Balance",2013,8514666.666666666
NA,NA,"Eastern Asia",NA,"Import quantity","Dairy and eggs (excl. butter)","t","Balance",2014,8668000
NA,NA,"Eastern Asia",NA,"Import quantity","Dairy and eggs (excl. butter)","t","Balance",2015,8199000
NA,NA,"Eastern Asia",NA,"Import quantity","Dairy and eggs (excl. butter)","t","Balance",2016,9205000
NA,NA,"Eastern Asia",NA,"Import quantity","Dairy and eggs (excl. butter)","t","Balance",2017,10026333.333333334
NA,NA,"Eastern Asia",NA,"Import quantity","Dairy and eggs (excl. butter)","t","Balance",2018,10689333.333333334
NA,NA,"Eastern Asia",NA,"Import quantity","Dairy and eggs (excl. butter)","t","Balance",2019,10169000
NA,NA,"Eastern Asia",NA,"Import quantity","Dairy and eggs (excl. butter)","t","Balance",2020,12112666.666666666
NA,NA,"Eastern Asia",NA,"Import quantity","Dairy and eggs (excl. butter)","t","Balance",2021,14386000
NA,NA,"Eastern Asia",NA,"Import quantity","Dairy and eggs (excl. butter)","t","Balance",2022,12097000
NA,NA,"Eastern Asia",NA,"Import quantity","Dairy and eggs (excl. butter)","t","Balance",2023,12025333.333333334
NA,NA,"Eastern Asia",NA,"Import quantity","Fats and oils","t","Balance",2010,11698000
NA,NA,"Eastern Asia",NA,"Import quantity","Fats and oils","t","Balance",2011,11203500
NA,NA,"Eastern Asia",NA,"Import quantity","Fats and oils","t","Balance",2012,12786666.666666666
NA,NA,"Eastern Asia",NA,"Import quantity","Fats and oils","t","Balance",2013,13629833.333333334
NA,NA,"Eastern Asia",NA,"Import quantity","Fats and oils","t","Balance",2014,15081166.666666666
NA,NA,"Eastern Asia",NA,"Import quantity","Fats and oils","t","Balance",2015,16893500
NA,NA,"Eastern Asia",NA,"Import quantity","Fats and oils","t","Balance",2016,16989333.333333332
NA,NA,"Eastern Asia",NA,"Import quantity","Fats and oils","t","Balance",2017,19208666.666666668
NA,NA,"Eastern Asia",NA,"Import quantity","Fats and oils","t","Balance",2018,18106166.666666668
NA,NA,"Eastern Asia",NA,"Import quantity","Fats and oils","t","Balance",2019,18614666.666666668
NA,NA,"Eastern Asia",NA,"Import quantity","Fats and oils","t","Balance",2020,20766166.666666668
NA,NA,"Eastern Asia",NA,"Import quantity","Fats and oils","t","Balance",2021,20139666.666666668
NA,NA,"Eastern Asia",NA,"Import quantity","Fats and oils","t","Balance",2022,18480166.666666668
NA,NA,"Eastern Asia",NA,"Import quantity","Fats and oils","t","Balance",2023,21882333.333333332
NA,NA,"Eastern Asia",NA,"Import quantity","Fish and seafood","t","Balance",2010,1845833.3333333333
NA,NA,"Eastern Asia",NA,"Import quantity","Fish and seafood","t","Balance",2011,2077166.6666666667
NA,NA,"Eastern Asia",NA,"Import quantity","Fish and seafood","t","Balance",2012,2033833.3333333333
NA,NA,"Eastern Asia",NA,"Import quantity","Fish and seafood","t","Balance",2013,1865500
NA,NA,"Eastern Asia",NA,"Import quantity","Fish and seafood","t","Balance",2014,1985166.6666666667
NA,NA,"Eastern Asia",NA,"Import quantity","Fish and seafood","t","Balance",2015,2036833.3333333333
NA,NA,"Eastern Asia",NA,"Import quantity","Fish and seafood","t","Balance",2016,2032500
NA,NA,"Eastern Asia",NA,"Import quantity","Fish and seafood","t","Balance",2017,2461666.6666666665
NA,NA,"Eastern Asia",NA,"Import quantity","Fish and seafood","t","Balance",2018,2490833.3333333335
NA,NA,"Eastern Asia",NA,"Import quantity","Fish and seafood","t","Balance",2019,2718166.6666666665
NA,NA,"Eastern Asia",NA,"Import quantity","Fish and seafood","t","Balance",2020,2587833.3333333335
NA,NA,"Eastern Asia",NA,"Import quantity","Fish and seafood","t","Balance",2021,2912166.6666666665
NA,NA,"Eastern Asia",NA,"Import quantity","Fish and seafood","t","Balance",2022,2912166.6666666665
NA,NA,"Eastern Asia",NA,"Import quantity","Fish and seafood","t","Balance",2023,2912166.6666666665
NA,NA,"Eastern Asia",NA,"Import quantity","Fruits and vegetables","t","Balance",2010,1461166.6666666667
NA,NA,"Eastern Asia",NA,"Import quantity","Fruits and vegetables","t","Balance",2011,1708333.3333333333
NA,NA,"Eastern Asia",NA,"Import quantity","Fruits and vegetables","t","Balance",2012,1756666.6666666667
NA,NA,"Eastern Asia",NA,"Import quantity","Fruits and vegetables","t","Balance",2013,1711833.3333333333
NA,NA,"Eastern Asia",NA,"Import quantity","Fruits and vegetables","t","Balance",2014,1795833.3333333333
NA,NA,"Eastern Asia",NA,"Import quantity","Fruits and vegetables","t","Balance",2015,1944000
NA,NA,"Eastern Asia",NA,"Import quantity","Fruits and vegetables","t","Balance",2016,1933333.3333333333
NA,NA,"Eastern Asia",NA,"Import quantity","Fruits and vegetables","t","Balance",2017,2109500
NA,NA,"Eastern Asia",NA,"Import quantity","Fruits and vegetables","t","Balance",2018,2340000
NA,NA,"Eastern Asia",NA,"Import quantity","Fruits and vegetables","t","Balance",2019,2524500
NA,NA,"Eastern Asia",NA,"Import quantity","Fruits and vegetables","t","Balance",2020,2368000
NA,NA,"Eastern Asia",NA,"Import quantity","Fruits and vegetables","t","Balance",2021,2472333.3333333335
NA,NA,"Eastern Asia",NA,"Import quantity","Fruits and vegetables","t","Balance",2022,2376000
NA,NA,"Eastern Asia",NA,"Import quantity","Fruits and vegetables","t","Balance",2023,2371166.6666666665
NA,NA,"Eastern Asia",NA,"Import quantity","Meat","t","Balance",2010,902833.3333333334
NA,NA,"Eastern Asia",NA,"Import quantity","Meat","t","Balance",2011,1085333.3333333333
NA,NA,"Eastern Asia",NA,"Import quantity","Meat","t","Balance",2012,991833.3333333334
NA,NA,"Eastern Asia",NA,"Import quantity","Meat","t","Balance",2013,1098500
NA,NA,"Eastern Asia",NA,"Import quantity","Meat","t","Balance",2014,1186500
NA,NA,"Eastern Asia",NA,"Import quantity","Meat","t","Balance",2015,1164333.3333333333
NA,NA,"Eastern Asia",NA,"Import quantity","Meat","t","Balance",2016,1538000
NA,NA,"Eastern Asia",NA,"Import quantity","Meat","t","Balance",2017,1482666.6666666667
NA,NA,"Eastern Asia",NA,"Import quantity","Meat","t","Balance",2018,1533000
NA,NA,"Eastern Asia",NA,"Import quantity","Meat","t","Balance",2019,1838666.6666666667
NA,NA,"Eastern Asia",NA,"Import quantity","Meat","t","Balance",2020,2473000
NA,NA,"Eastern Asia",NA,"Import quantity","Meat","t","Balance",2021,2322000
NA,NA,"Eastern Asia",NA,"Import quantity","Meat","t","Balance",2022,1893000
NA,NA,"Eastern Asia",NA,"Import quantity","Meat","t","Balance",2023,1886833.3333333333
NA,NA,"Eastern Asia",NA,"Import quantity","Pulses","t","Balance",2010,128333.33333333333
NA,NA,"Eastern Asia",NA,"Import quantity","Pulses","t","Balance",2011,149333.33333333334
NA,NA,"Eastern Asia",NA,"Import quantity","Pulses","t","Balance",2012,178000
NA,NA,"Eastern Asia",NA,"Import quantity","Pulses","t","Balance",2013,198166.66666666666
NA,NA,"Eastern Asia",NA,"Import quantity","Pulses","t","Balance",2014,159833.33333333334
NA,NA,"Eastern Asia",NA,"Import quantity","Pulses","t","Balance",2015,181333.33333333334
NA,NA,"Eastern Asia",NA,"Import quantity","Pulses","t","Balance",2016,196000
NA,NA,"Eastern Asia",NA,"Import quantity","Pulses","t","Balance",2017,247666.66666666666
NA,NA,"Eastern Asia",NA,"Import quantity","Pulses","t","Balance",2018,391500
NA,NA,"Eastern Asia",NA,"Import quantity","Pulses","t","Balance",2019,388166.6666666667
NA,NA,"Eastern Asia",NA,"Import quantity","Pulses","t","Balance",2020,547000
NA,NA,"Eastern Asia",NA,"Import quantity","Pulses","t","Balance",2021,455000
NA,NA,"Eastern Asia",NA,"Import quantity","Pulses","t","Balance",2022,444333.3333333333
NA,NA,"Eastern Asia",NA,"Import quantity","Pulses","t","Balance",2023,596666.6666666666
NA,NA,"Eastern Asia",NA,"Import quantity","Starchy roots","t","Balance",2010,3712500
NA,NA,"Eastern Asia",NA,"Import quantity","Starchy roots","t","Balance",2011,3431500
NA,NA,"Eastern Asia",NA,"Import quantity","Starchy roots","t","Balance",2012,4659833.333333333
NA,NA,"Eastern Asia",NA,"Import quantity","Starchy roots","t","Balance",2013,5143500
NA,NA,"Eastern Asia",NA,"Import quantity","Starchy roots","t","Balance",2014,6188500
NA,NA,"Eastern Asia",NA,"Import quantity","Starchy roots","t","Balance",2015,6476500
NA,NA,"Eastern Asia",NA,"Import quantity","Starchy roots","t","Balance",2016,5891166.666666667
NA,NA,"Eastern Asia",NA,"Import quantity","Starchy roots","t","Balance",2017,6336833.333333333
NA,NA,"Eastern Asia",NA,"Import quantity","Starchy roots","t","Balance",2018,4457833.333333333
NA,NA,"Eastern Asia",NA,"Import quantity","Starchy roots","t","Balance",2019,3823166.6666666665
NA,NA,"Eastern Asia",NA,"Import quantity","Starchy roots","t","Balance",2020,4443000
NA,NA,"Eastern Asia",NA,"Import quantity","Starchy roots","t","Balance",2021,6190833.333333333
NA,NA,"Eastern Asia",NA,"Import quantity","Starchy roots","t","Balance",2022,7677500
NA,NA,"Eastern Asia",NA,"Import quantity","Starchy roots","t","Balance",2023,5949166.666666667
NA,NA,"Eastern Asia",NA,"Import quantity","Sugar","t","Balance",2010,875166.6666666666
NA,NA,"Eastern Asia",NA,"Import quantity","Sugar","t","Balance",2011,1082666.6666666667
NA,NA,"Eastern Asia",NA,"Import quantity","Sugar","t","Balance",2012,1263500
NA,NA,"Eastern Asia",NA,"Import quantity","Sugar","t","Balance",2013,1570666.6666666667
NA,NA,"Eastern Asia",NA,"Import quantity","Sugar","t","Balance",2014,1292333.3333333333
NA,NA,"Eastern Asia",NA,"Import quantity","Sugar","t","Balance",2015,1499333.3333333333
NA,NA,"Eastern Asia",NA,"Import quantity","Sugar","t","Balance",2016,1209000
NA,NA,"Eastern Asia",NA,"Import quantity","Sugar","t","Balance",2017,1076166.6666666667
NA,NA,"Eastern Asia",NA,"Import quantity","Sugar","t","Balance",2018,1168833.3333333333
NA,NA,"Eastern Asia",NA,"Import quantity","Sugar","t","Balance",2019,1305500
NA,NA,"Eastern Asia",NA,"Import quantity","Sugar","t","Balance",2020,1757666.6666666667
NA,NA,"Eastern Asia",NA,"Import quantity","Sugar","t","Balance",2021,1790666.6666666667
NA,NA,"Eastern Asia",NA,"Import quantity","Sugar","t","Balance",2022,2099333.3333333335
NA,NA,"Eastern Asia",NA,"Import quantity","Sugar","t","Balance",2023,1932833.3333333333
NA,NA,"Eastern Asia",NA,"Losses","Beverages and other","t","Balance",2010,60500
NA,NA,"Eastern Asia",NA,"Losses","Beverages and other","t","Balance",2011,67000
NA,NA,"Eastern Asia",NA,"Losses","Beverages and other","t","Balance",2012,73166.66666666667
NA,NA,"Eastern Asia",NA,"Losses","Beverages and other","t","Balance",2013,68666.66666666667
NA,NA,"Eastern Asia",NA,"Losses","Beverages and other","t","Balance",2014,72833.33333333333
NA,NA,"Eastern Asia",NA,"Losses","Beverages and other","t","Balance",2015,78166.66666666667
NA,NA,"Eastern Asia",NA,"Losses","Beverages and other","t","Balance",2016,83000
NA,NA,"Eastern Asia",NA,"Losses","Beverages and other","t","Balance",2017,85500
NA,NA,"Eastern Asia",NA,"Losses","Beverages and other","t","Balance",2018,88166.66666666667
NA,NA,"Eastern Asia",NA,"Losses","Beverages and other","t","Balance",2019,80833.33333333333
NA,NA,"Eastern Asia",NA,"Losses","Beverages and other","t","Balance",2020,83500
NA,NA,"Eastern Asia",NA,"Losses","Beverages and other","t","Balance",2021,88000
NA,NA,"Eastern Asia",NA,"Losses","Beverages and other","t","Balance",2022,89666.66666666667
NA,NA,"Eastern Asia",NA,"Losses","Beverages and other","t","Balance",2023,92333.33333333333
NA,NA,"Eastern Asia",NA,"Losses","Cereals","t","Balance",2010,3978800
NA,NA,"Eastern Asia",NA,"Losses","Cereals","t","Balance",2011,4168400
NA,NA,"Eastern Asia",NA,"Losses","Cereals","t","Balance",2012,4392600
NA,NA,"Eastern Asia",NA,"Losses","Cereals","t","Balance",2013,4491600
NA,NA,"Eastern Asia",NA,"Losses","Cereals","t","Balance",2014,4557800
NA,NA,"Eastern Asia",NA,"Losses","Cereals","t","Balance",2015,5189000
NA,NA,"Eastern Asia",NA,"Losses","Cereals","t","Balance",2016,5038200
NA,NA,"Eastern Asia",NA,"Losses","Cereals","t","Balance",2017,4984800
NA,NA,"Eastern Asia",NA,"Losses","Cereals","t","Balance",2018,4931800
NA,NA,"Eastern Asia",NA,"Losses","Cereals","t","Balance",2019,4894200
NA,NA,"Eastern Asia",NA,"Losses","Cereals","t","Balance",2020,5041000
NA,NA,"Eastern Asia",NA,"Losses","Cereals","t","Balance",2021,5418600
NA,NA,"Eastern Asia",NA,"Losses","Cereals","t","Balance",2022,5293800
NA,NA,"Eastern Asia",NA,"Losses","Cereals","t","Balance",2023,5393200
NA,NA,"Eastern Asia",NA,"Losses","Dairy and eggs (excl. butter)","t","Balance",2010,1194000
NA,NA,"Eastern Asia",NA,"Losses","Dairy and eggs (excl. butter)","t","Balance",2011,1217333.3333333333
NA,NA,"Eastern Asia",NA,"Losses","Dairy and eggs (excl. butter)","t","Balance",2012,1244333.3333333333
NA,NA,"Eastern Asia",NA,"Losses","Dairy and eggs (excl. butter)","t","Balance",2013,1209666.6666666667
NA,NA,"Eastern Asia",NA,"Losses","Dairy and eggs (excl. butter)","t","Balance",2014,1249666.6666666667
NA,NA,"Eastern Asia",NA,"Losses","Dairy and eggs (excl. butter)","t","Balance",2015,1179666.6666666667
NA,NA,"Eastern Asia",NA,"Losses","Dairy and eggs (excl. butter)","t","Balance",2016,1179666.6666666667
NA,NA,"Eastern Asia",NA,"Losses","Dairy and eggs (excl. butter)","t","Balance",2017,1163000
NA,NA,"Eastern Asia",NA,"Losses","Dairy and eggs (excl. butter)","t","Balance",2018,1182333.3333333333
NA,NA,"Eastern Asia",NA,"Losses","Dairy and eggs (excl. butter)","t","Balance",2019,1228000
NA,NA,"Eastern Asia",NA,"Losses","Dairy and eggs (excl. butter)","t","Balance",2020,1299000
NA,NA,"Eastern Asia",NA,"Losses","Dairy and eggs (excl. butter)","t","Balance",2021,1334000
NA,NA,"Eastern Asia",NA,"Losses","Dairy and eggs (excl. butter)","t","Balance",2022,1386666.6666666667
NA,NA,"Eastern Asia",NA,"Losses","Dairy and eggs (excl. butter)","t","Balance",2023,1450000
NA,NA,"Eastern Asia",NA,"Losses","Fats and oils","t","Balance",2010,506500
NA,NA,"Eastern Asia",NA,"Losses","Fats and oils","t","Balance",2011,516166.6666666667
NA,NA,"Eastern Asia",NA,"Losses","Fats and oils","t","Balance",2012,543333.3333333334
NA,NA,"Eastern Asia",NA,"Losses","Fats and oils","t","Balance",2013,548666.6666666666
NA,NA,"Eastern Asia",NA,"Losses","Fats and oils","t","Balance",2014,565833.3333333334
NA,NA,"Eastern Asia",NA,"Losses","Fats and oils","t","Balance",2015,564166.6666666666
NA,NA,"Eastern Asia",NA,"Losses","Fats and oils","t","Balance",2016,557666.6666666666
NA,NA,"Eastern Asia",NA,"Losses","Fats and oils","t","Balance",2017,590833.3333333334
NA,NA,"Eastern Asia",NA,"Losses","Fats and oils","t","Balance",2018,581000
NA,NA,"Eastern Asia",NA,"Losses","Fats and oils","t","Balance",2019,580500
NA,NA,"Eastern Asia",NA,"Losses","Fats and oils","t","Balance",2020,603333.3333333334
NA,NA,"Eastern Asia",NA,"Losses","Fats and oils","t","Balance",2021,608166.6666666666
NA,NA,"Eastern Asia",NA,"Losses","Fats and oils","t","Balance",2022,600833.3333333334
NA,NA,"Eastern Asia",NA,"Losses","Fats and oils","t","Balance",2023,658166.6666666666
NA,NA,"Eastern Asia",NA,"Losses","Fruits and vegetables","t","Balance",2010,9900500
NA,NA,"Eastern Asia",NA,"Losses","Fruits and vegetables","t","Balance",2011,10338166.666666666
NA,NA,"Eastern Asia",NA,"Losses","Fruits and vegetables","t","Balance",2012,10582833.333333334
NA,NA,"Eastern Asia",NA,"Losses","Fruits and vegetables","t","Balance",2013,10812333.333333334
NA,NA,"Eastern Asia",NA,"Losses","Fruits and vegetables","t","Balance",2014,11086666.666666666
NA,NA,"Eastern Asia",NA,"Losses","Fruits and vegetables","t","Balance",2015,11406333.333333334
NA,NA,"Eastern Asia",NA,"Losses","Fruits and vegetables","t","Balance",2016,11580333.333333334
NA,NA,"Eastern Asia",NA,"Losses","Fruits and vegetables","t","Balance",2017,11854166.666666666
NA,NA,"Eastern Asia",NA,"Losses","Fruits and vegetables","t","Balance",2018,12083000
NA,NA,"Eastern Asia",NA,"Losses","Fruits and vegetables","t","Balance",2019,12459666.666666666
NA,NA,"Eastern Asia",NA,"Losses","Fruits and vegetables","t","Balance",2020,12504500
NA,NA,"Eastern Asia",NA,"Losses","Fruits and vegetables","t","Balance",2021,12836333.333333334
NA,NA,"Eastern Asia",NA,"Losses","Fruits and vegetables","t","Balance",2022,13021666.666666666
NA,NA,"Eastern Asia",NA,"Losses","Fruits and vegetables","t","Balance",2023,13198833.333333334
NA,NA,"Eastern Asia",NA,"Losses","Meat","t","Balance",2010,45666.666666666664
NA,NA,"Eastern Asia",NA,"Losses","Meat","t","Balance",2011,44833.333333333336
NA,NA,"Eastern Asia",NA,"Losses","Meat","t","Balance",2012,46666.666666666664
NA,NA,"Eastern Asia",NA,"Losses","Meat","t","Balance",2013,48333.333333333336
NA,NA,"Eastern Asia",NA,"Losses","Meat","t","Balance",2014,49166.666666666664
NA,NA,"Eastern Asia",NA,"Losses","Meat","t","Balance",2015,50833.333333333336
NA,NA,"Eastern Asia",NA,"Losses","Meat","t","Balance",2016,50000
NA,NA,"Eastern Asia",NA,"Losses","Meat","t","Balance",2017,51333.333333333336
NA,NA,"Eastern Asia",NA,"Losses","Meat","t","Balance",2018,52166.666666666664
NA,NA,"Eastern Asia",NA,"Losses","Meat","t","Balance",2019,50000
NA,NA,"Eastern Asia",NA,"Losses","Meat","t","Balance",2020,54000
NA,NA,"Eastern Asia",NA,"Losses","Meat","t","Balance",2021,55666.666666666664
NA,NA,"Eastern Asia",NA,"Losses","Meat","t","Balance",2022,56666.666666666664
NA,NA,"Eastern Asia",NA,"Losses","Meat","t","Balance",2023,58666.666666666664
NA,NA,"Eastern Asia",NA,"Losses","Pulses","t","Balance",2010,42000
NA,NA,"Eastern Asia",NA,"Losses","Pulses","t","Balance",2011,49200
NA,NA,"Eastern Asia",NA,"Losses","Pulses","t","Balance",2012,45800
NA,NA,"Eastern Asia",NA,"Losses","Pulses","t","Balance",2013,43000
NA,NA,"Eastern Asia",NA,"Losses","Pulses","t","Balance",2014,43800
NA,NA,"Eastern Asia",NA,"Losses","Pulses","t","Balance",2015,44600
NA,NA,"Eastern Asia",NA,"Losses","Pulses","t","Balance",2016,48200
NA,NA,"Eastern Asia",NA,"Losses","Pulses","t","Balance",2017,53000
NA,NA,"Eastern Asia",NA,"Losses","Pulses","t","Balance",2018,53000
NA,NA,"Eastern Asia",NA,"Losses","Pulses","t","Balance",2019,54200
NA,NA,"Eastern Asia",NA,"Losses","Pulses","t","Balance",2020,59400
NA,NA,"Eastern Asia",NA,"Losses","Pulses","t","Balance",2021,56000
NA,NA,"Eastern Asia",NA,"Losses","Pulses","t","Balance",2022,58200
NA,NA,"Eastern Asia",NA,"Losses","Pulses","t","Balance",2023,62600
NA,NA,"Eastern Asia",NA,"Losses","Starchy roots","t","Balance",2010,1260333.3333333333
NA,NA,"Eastern Asia",NA,"Losses","Starchy roots","t","Balance",2011,1294500
NA,NA,"Eastern Asia",NA,"Losses","Starchy roots","t","Balance",2012,1275333.3333333333
NA,NA,"Eastern Asia",NA,"Losses","Starchy roots","t","Balance",2013,1270666.6666666667
NA,NA,"Eastern Asia",NA,"Losses","Starchy roots","t","Balance",2014,1242333.3333333333
NA,NA,"Eastern Asia",NA,"Losses","Starchy roots","t","Balance",2015,1219166.6666666667
NA,NA,"Eastern Asia",NA,"Losses","Starchy roots","t","Balance",2016,1204166.6666666667
NA,NA,"Eastern Asia",NA,"Losses","Starchy roots","t","Balance",2017,1228166.6666666667
NA,NA,"Eastern Asia",NA,"Losses","Starchy roots","t","Balance",2018,1262166.6666666667
NA,NA,"Eastern Asia",NA,"Losses","Starchy roots","t","Balance",2019,1112833.3333333333
NA,NA,"Eastern Asia",NA,"Losses","Starchy roots","t","Balance",2020,1110166.6666666667
NA,NA,"Eastern Asia",NA,"Losses","Starchy roots","t","Balance",2021,1126333.3333333333
NA,NA,"Eastern Asia",NA,"Losses","Starchy roots","t","Balance",2022,1140666.6666666667
NA,NA,"Eastern Asia",NA,"Losses","Starchy roots","t","Balance",2023,1149833.3333333333
NA,NA,"Eastern Asia",NA,"Losses","Sugar","t","Balance",2010,1506500
NA,NA,"Eastern Asia",NA,"Losses","Sugar","t","Balance",2011,1570750
NA,NA,"Eastern Asia",NA,"Losses","Sugar","t","Balance",2012,1691750
NA,NA,"Eastern Asia",NA,"Losses","Sugar","t","Balance",2013,1724500
NA,NA,"Eastern Asia",NA,"Losses","Sugar","t","Balance",2014,1676500
NA,NA,"Eastern Asia",NA,"Losses","Sugar","t","Balance",2015,1408250
NA,NA,"Eastern Asia",NA,"Losses","Sugar","t","Balance",2016,1404250
NA,NA,"Eastern Asia",NA,"Losses","Sugar","t","Balance",2017,1429250
NA,NA,"Eastern Asia",NA,"Losses","Sugar","t","Balance",2018,1498000
NA,NA,"Eastern Asia",NA,"Losses","Sugar","t","Balance",2019,1527500
NA,NA,"Eastern Asia",NA,"Losses","Sugar","t","Balance",2020,1503750
NA,NA,"Eastern Asia",NA,"Losses","Sugar","t","Balance",2021,1437750
NA,NA,"Eastern Asia",NA,"Losses","Sugar","t","Balance",2022,1434000
NA,NA,"Eastern Asia",NA,"Losses","Sugar","t","Balance",2023,1448500
NA,NA,"Eastern Asia",NA,"Other uses (non-food)","Beverages and other","t","Balance",2010,42800
NA,NA,"Eastern Asia",NA,"Other uses (non-food)","Beverages and other","t","Balance",2011,70400
NA,NA,"Eastern Asia",NA,"Other uses (non-food)","Beverages and other","t","Balance",2012,75200
NA,NA,"Eastern Asia",NA,"Other uses (non-food)","Beverages and other","t","Balance",2013,72200
NA,NA,"Eastern Asia",NA,"Other uses (non-food)","Beverages and other","t","Balance",2014,110000
NA,NA,"Eastern Asia",NA,"Other uses (non-food)","Beverages and other","t","Balance",2015,230000
NA,NA,"Eastern Asia",NA,"Other uses (non-food)","Beverages and other","t","Balance",2016,271800
NA,NA,"Eastern Asia",NA,"Other uses (non-food)","Beverages and other","t","Balance",2017,93600
NA,NA,"Eastern Asia",NA,"Other uses (non-food)","Beverages and other","t","Balance",2018,270200
NA,NA,"Eastern Asia",NA,"Other uses (non-food)","Beverages and other","t","Balance",2019,127800
NA,NA,"Eastern Asia",NA,"Other uses (non-food)","Beverages and other","t","Balance",2020,85400
NA,NA,"Eastern Asia",NA,"Other uses (non-food)","Beverages and other","t","Balance",2021,247600
NA,NA,"Eastern Asia",NA,"Other uses (non-food)","Beverages and other","t","Balance",2022,261600
NA,NA,"Eastern Asia",NA,"Other uses (non-food)","Beverages and other","t","Balance",2023,264600
NA,NA,"Eastern Asia",NA,"Other uses (non-food)","Cereals","t","Balance",2010,6257800
NA,NA,"Eastern Asia",NA,"Other uses (non-food)","Cereals","t","Balance",2011,6181600
NA,NA,"Eastern Asia",NA,"Other uses (non-food)","Cereals","t","Balance",2012,6666600
NA,NA,"Eastern Asia",NA,"Other uses (non-food)","Cereals","t","Balance",2013,6373800
NA,NA,"Eastern Asia",NA,"Other uses (non-food)","Cereals","t","Balance",2014,5386000
NA,NA,"Eastern Asia",NA,"Other uses (non-food)","Cereals","t","Balance",2015,9706000
NA,NA,"Eastern Asia",NA,"Other uses (non-food)","Cereals","t","Balance",2016,11103600
NA,NA,"Eastern Asia",NA,"Other uses (non-food)","Cereals","t","Balance",2017,10801400
NA,NA,"Eastern Asia",NA,"Other uses (non-food)","Cereals","t","Balance",2018,11356800
NA,NA,"Eastern Asia",NA,"Other uses (non-food)","Cereals","t","Balance",2019,11876000
NA,NA,"Eastern Asia",NA,"Other uses (non-food)","Cereals","t","Balance",2020,10367200
NA,NA,"Eastern Asia",NA,"Other uses (non-food)","Cereals","t","Balance",2021,15379800
NA,NA,"Eastern Asia",NA,"Other uses (non-food)","Cereals","t","Balance",2022,13018800
NA,NA,"Eastern Asia",NA,"Other uses (non-food)","Cereals","t","Balance",2023,12732000
NA,NA,"Eastern Asia",NA,"Other uses (non-food)","Dairy and eggs (excl. butter)","t","Balance",2010,63000
NA,NA,"Eastern Asia",NA,"Other uses (non-food)","Dairy and eggs (excl. butter)","t","Balance",2011,92000
NA,NA,"Eastern Asia",NA,"Other uses (non-food)","Dairy and eggs (excl. butter)","t","Balance",2012,208000
NA,NA,"Eastern Asia",NA,"Other uses (non-food)","Dairy and eggs (excl. butter)","t","Balance",2013,222000
NA,NA,"Eastern Asia",NA,"Other uses (non-food)","Dairy and eggs (excl. butter)","t","Balance",2014,368000
NA,NA,"Eastern Asia",NA,"Other uses (non-food)","Dairy and eggs (excl. butter)","t","Balance",2015,405000
NA,NA,"Eastern Asia",NA,"Other uses (non-food)","Dairy and eggs (excl. butter)","t","Balance",2016,414000
NA,NA,"Eastern Asia",NA,"Other uses (non-food)","Dairy and eggs (excl. butter)","t","Balance",2017,441000
NA,NA,"Eastern Asia",NA,"Other uses (non-food)","Dairy and eggs (excl. butter)","t","Balance",2018,431000
NA,NA,"Eastern Asia",NA,"Other uses (non-food)","Dairy and eggs (excl. butter)","t","Balance",2019,494000
NA,NA,"Eastern Asia",NA,"Other uses (non-food)","Dairy and eggs (excl. butter)","t","Balance",2020,495000
NA,NA,"Eastern Asia",NA,"Other uses (non-food)","Dairy and eggs (excl. butter)","t","Balance",2021,553000
NA,NA,"Eastern Asia",NA,"Other uses (non-food)","Dairy and eggs (excl. butter)","t","Balance",2022,670000
NA,NA,"Eastern Asia",NA,"Other uses (non-food)","Dairy and eggs (excl. butter)","t","Balance",2023,405000
NA,NA,"Eastern Asia",NA,"Other uses (non-food)","Fats and oils","t","Balance",2010,3561500
NA,NA,"Eastern Asia",NA,"Other uses (non-food)","Fats and oils","t","Balance",2011,3287333.3333333335
NA,NA,"Eastern Asia",NA,"Other uses (non-food)","Fats and oils","t","Balance",2012,3628333.3333333335
NA,NA,"Eastern Asia",NA,"Other uses (non-food)","Fats and oils","t","Balance",2013,3959333.3333333335
NA,NA,"Eastern Asia",NA,"Other uses (non-food)","Fats and oils","t","Balance",2014,4143500
NA,NA,"Eastern Asia",NA,"Other uses (non-food)","Fats and oils","t","Balance",2015,4352333.333333333
NA,NA,"Eastern Asia",NA,"Other uses (non-food)","Fats and oils","t","Balance",2016,4391166.666666667
NA,NA,"Eastern Asia",NA,"Other uses (non-food)","Fats and oils","t","Balance",2017,4957333.333333333
NA,NA,"Eastern Asia",NA,"Other uses (non-food)","Fats and oils","t","Balance",2018,5078833.333333333
NA,NA,"Eastern Asia",NA,"Other uses (non-food)","Fats and oils","t","Balance",2019,4997500
NA,NA,"Eastern Asia",NA,"Other uses (non-food)","Fats and oils","t","Balance",2020,5414333.333333333
NA,NA,"Eastern Asia",NA,"Other uses (non-food)","Fats and oils","t","Balance",2021,5545000
NA,NA,"Eastern Asia",NA,"Other uses (non-food)","Fats and oils","t","Balance",2022,5343666.666666667
NA,NA,"Eastern Asia",NA,"Other uses (non-food)","Fats and oils","t","Balance",2023,5918666.666666667
NA,NA,"Eastern Asia",NA,"Other uses (non-food)","Fish and seafood","t","Balance",2010,144333.33333333334
NA,NA,"Eastern Asia",NA,"Other uses (non-food)","Fish and seafood","t","Balance",2011,157666.66666666666
NA,NA,"Eastern Asia",NA,"Other uses (non-food)","Fish and seafood","t","Balance",2012,154333.33333333334
NA,NA,"Eastern Asia",NA,"Other uses (non-food)","Fish and seafood","t","Balance",2013,154333.33333333334
NA,NA,"Eastern Asia",NA,"Other uses (non-food)","Fish and seafood","t","Balance",2014,210333.33333333334
NA,NA,"Eastern Asia",NA,"Other uses (non-food)","Fish and seafood","t","Balance",2015,257333.33333333334
NA,NA,"Eastern Asia",NA,"Other uses (non-food)","Fish and seafood","t","Balance",2016,270500
NA,NA,"Eastern Asia",NA,"Other uses (non-food)","Fish and seafood","t","Balance",2017,252333.33333333334
NA,NA,"Eastern Asia",NA,"Other uses (non-food)","Fish and seafood","t","Balance",2018,291500
NA,NA,"Eastern Asia",NA,"Other uses (non-food)","Fish and seafood","t","Balance",2019,200166.66666666666
NA,NA,"Eastern Asia",NA,"Other uses (non-food)","Fish and seafood","t","Balance",2020,196833.33333333334
NA,NA,"Eastern Asia",NA,"Other uses (non-food)","Fish and seafood","t","Balance",2021,196833.33333333334
NA,NA,"Eastern Asia",NA,"Other uses (non-food)","Fish and seafood","t","Balance",2022,196833.33333333334
NA,NA,"Eastern Asia",NA,"Other uses (non-food)","Fish and seafood","t","Balance",2023,196833.33333333334
NA,NA,"Eastern Asia",NA,"Other uses (non-food)","Fruits and vegetables","t","Balance",2010,0
NA,NA,"Eastern Asia",NA,"Other uses (non-food)","Fruits and vegetables","t","Balance",2011,0
NA,NA,"Eastern Asia",NA,"Other uses (non-food)","Fruits and vegetables","t","Balance",2012,0
NA,NA,"Eastern Asia",NA,"Other uses (non-food)","Fruits and vegetables","t","Balance",2013,0
NA,NA,"Eastern Asia",NA,"Other uses (non-food)","Fruits and vegetables","t","Balance",2014,0
NA,NA,"Eastern Asia",NA,"Other uses (non-food)","Fruits and vegetables","t","Balance",2015,0
NA,NA,"Eastern Asia",NA,"Other uses (non-food)","Fruits and vegetables","t","Balance",2016,0
NA,NA,"Eastern Asia",NA,"Other uses (non-food)","Fruits and vegetables","t","Balance",2017,0
NA,NA,"Eastern Asia",NA,"Other uses (non-food)","Fruits and vegetables","t","Balance",2018,0
NA,NA,"Eastern Asia",NA,"Other uses (non-food)","Fruits and vegetables","t","Balance",2019,0
NA,NA,"Eastern Asia",NA,"Other uses (non-food)","Fruits and vegetables","t","Balance",2020,0
NA,NA,"Eastern Asia",NA,"Other uses (non-food)","Fruits and vegetables","t","Balance",2021,0
NA,NA,"Eastern Asia",NA,"Other uses (non-food)","Fruits and vegetables","t","Balance",2022,0
NA,NA,"Eastern Asia",NA,"Other uses (non-food)","Fruits and vegetables","t","Balance",2023,0
NA,NA,"Eastern Asia",NA,"Other uses (non-food)","Meat","t","Balance",2010,0
NA,NA,"Eastern Asia",NA,"Other uses (non-food)","Meat","t","Balance",2011,0
NA,NA,"Eastern Asia",NA,"Other uses (non-food)","Meat","t","Balance",2012,0
NA,NA,"Eastern Asia",NA,"Other uses (non-food)","Meat","t","Balance",2013,0
NA,NA,"Eastern Asia",NA,"Other uses (non-food)","Meat","t","Balance",2014,0
NA,NA,"Eastern Asia",NA,"Other uses (non-food)","Meat","t","Balance",2015,0
NA,NA,"Eastern Asia",NA,"Other uses (non-food)","Meat","t","Balance",2016,0
NA,NA,"Eastern Asia",NA,"Other uses (non-food)","Meat","t","Balance",2017,0
NA,NA,"Eastern Asia",NA,"Other uses (non-food)","Meat","t","Balance",2018,0
NA,NA,"Eastern Asia",NA,"Other uses (non-food)","Meat","t","Balance",2019,0
NA,NA,"Eastern Asia",NA,"Other uses (non-food)","Meat","t","Balance",2020,0
NA,NA,"Eastern Asia",NA,"Other uses (non-food)","Meat","t","Balance",2021,0
NA,NA,"Eastern Asia",NA,"Other uses (non-food)","Meat","t","Balance",2022,0
NA,NA,"Eastern Asia",NA,"Other uses (non-food)","Meat","t","Balance",2023,0
NA,NA,"Eastern Asia",NA,"Other uses (non-food)","Starchy roots","t","Balance",2010,1156750
NA,NA,"Eastern Asia",NA,"Other uses (non-food)","Starchy roots","t","Balance",2011,1069500
NA,NA,"Eastern Asia",NA,"Other uses (non-food)","Starchy roots","t","Balance",2012,1290000
NA,NA,"Eastern Asia",NA,"Other uses (non-food)","Starchy roots","t","Balance",2013,1749250
NA,NA,"Eastern Asia",NA,"Other uses (non-food)","Starchy roots","t","Balance",2014,2318500
NA,NA,"Eastern Asia",NA,"Other uses (non-food)","Starchy roots","t","Balance",2015,2252250
NA,NA,"Eastern Asia",NA,"Other uses (non-food)","Starchy roots","t","Balance",2016,2535750
NA,NA,"Eastern Asia",NA,"Other uses (non-food)","Starchy roots","t","Balance",2017,2866250
NA,NA,"Eastern Asia",NA,"Other uses (non-food)","Starchy roots","t","Balance",2018,2463750
NA,NA,"Eastern Asia",NA,"Other uses (non-food)","Starchy roots","t","Balance",2019,2878500
NA,NA,"Eastern Asia",NA,"Other uses (non-food)","Starchy roots","t","Balance",2020,3351250
NA,NA,"Eastern Asia",NA,"Other uses (non-food)","Starchy roots","t","Balance",2021,4271000
NA,NA,"Eastern Asia",NA,"Other uses (non-food)","Starchy roots","t","Balance",2022,5200750
NA,NA,"Eastern Asia",NA,"Other uses (non-food)","Starchy roots","t","Balance",2023,3999250
NA,NA,"Eastern Asia",NA,"Other uses (non-food)","Sugar","t","Balance",2010,135000
NA,NA,"Eastern Asia",NA,"Other uses (non-food)","Sugar","t","Balance",2011,123500
NA,NA,"Eastern Asia",NA,"Other uses (non-food)","Sugar","t","Balance",2012,217500
NA,NA,"Eastern Asia",NA,"Other uses (non-food)","Sugar","t","Balance",2013,232000
NA,NA,"Eastern Asia",NA,"Other uses (non-food)","Sugar","t","Balance",2014,3000
NA,NA,"Eastern Asia",NA,"Other uses (non-food)","Sugar","t","Balance",2015,3500
NA,NA,"Eastern Asia",NA,"Other uses (non-food)","Sugar","t","Balance",2016,3500
NA,NA,"Eastern Asia",NA,"Other uses (non-food)","Sugar","t","Balance",2017,4000
NA,NA,"Eastern Asia",NA,"Other uses (non-food)","Sugar","t","Balance",2018,4000
NA,NA,"Eastern Asia",NA,"Other uses (non-food)","Sugar","t","Balance",2019,3500
NA,NA,"Eastern Asia",NA,"Other uses (non-food)","Sugar","t","Balance",2020,3000
NA,NA,"Eastern Asia",NA,"Other uses (non-food)","Sugar","t","Balance",2021,3000
NA,NA,"Eastern Asia",NA,"Other uses (non-food)","Sugar","t","Balance",2022,3500
NA,NA,"Eastern Asia",NA,"Other uses (non-food)","Sugar","t","Balance",2023,1500
NA,NA,"Eastern Asia",NA,"Processing","Beverages and other","t","Balance",2010,800
NA,NA,"Eastern Asia",NA,"Processing","Beverages and other","t","Balance",2011,800
NA,NA,"Eastern Asia",NA,"Processing","Beverages and other","t","Balance",2012,800
NA,NA,"Eastern Asia",NA,"Processing","Beverages and other","t","Balance",2013,800
NA,NA,"Eastern Asia",NA,"Processing","Beverages and other","t","Balance",2014,1000
NA,NA,"Eastern Asia",NA,"Processing","Beverages and other","t","Balance",2015,800
NA,NA,"Eastern Asia",NA,"Processing","Beverages and other","t","Balance",2016,1000
NA,NA,"Eastern Asia",NA,"Processing","Beverages and other","t","Balance",2017,1000
NA,NA,"Eastern Asia",NA,"Processing","Beverages and other","t","Balance",2018,1000
NA,NA,"Eastern Asia",NA,"Processing","Beverages and other","t","Balance",2019,1000
NA,NA,"Eastern Asia",NA,"Processing","Beverages and other","t","Balance",2020,1200
NA,NA,"Eastern Asia",NA,"Processing","Beverages and other","t","Balance",2021,1200
NA,NA,"Eastern Asia",NA,"Processing","Beverages and other","t","Balance",2022,1200
NA,NA,"Eastern Asia",NA,"Processing","Beverages and other","t","Balance",2023,1000
NA,NA,"Eastern Asia",NA,"Processing","Cereals","t","Balance",2010,2406666.6666666665
NA,NA,"Eastern Asia",NA,"Processing","Cereals","t","Balance",2011,2630666.6666666665
NA,NA,"Eastern Asia",NA,"Processing","Cereals","t","Balance",2012,2674333.3333333335
NA,NA,"Eastern Asia",NA,"Processing","Cereals","t","Balance",2013,2801666.6666666665
NA,NA,"Eastern Asia",NA,"Processing","Cereals","t","Balance",2014,3184166.6666666665
NA,NA,"Eastern Asia",NA,"Processing","Cereals","t","Balance",2015,3164833.3333333335
NA,NA,"Eastern Asia",NA,"Processing","Cereals","t","Balance",2016,2979166.6666666665
NA,NA,"Eastern Asia",NA,"Processing","Cereals","t","Balance",2017,2927833.3333333335
NA,NA,"Eastern Asia",NA,"Processing","Cereals","t","Balance",2018,2659666.6666666665
NA,NA,"Eastern Asia",NA,"Processing","Cereals","t","Balance",2019,2532333.3333333335
NA,NA,"Eastern Asia",NA,"Processing","Cereals","t","Balance",2020,2360333.3333333335
NA,NA,"Eastern Asia",NA,"Processing","Cereals","t","Balance",2021,2573166.6666666665
NA,NA,"Eastern Asia",NA,"Processing","Cereals","t","Balance",2022,2773666.6666666665
NA,NA,"Eastern Asia",NA,"Processing","Cereals","t","Balance",2023,2995000
NA,NA,"Eastern Asia",NA,"Processing","Dairy and eggs (excl. butter)","t","Balance",2010,2190000
NA,NA,"Eastern Asia",NA,"Processing","Dairy and eggs (excl. butter)","t","Balance",2011,2214000
NA,NA,"Eastern Asia",NA,"Processing","Dairy and eggs (excl. butter)","t","Balance",2012,2288500
NA,NA,"Eastern Asia",NA,"Processing","Dairy and eggs (excl. butter)","t","Balance",2013,2234500
NA,NA,"Eastern Asia",NA,"Processing","Dairy and eggs (excl. butter)","t","Balance",2014,2375500
NA,NA,"Eastern Asia",NA,"Processing","Dairy and eggs (excl. butter)","t","Balance",2015,2163500
NA,NA,"Eastern Asia",NA,"Processing","Dairy and eggs (excl. butter)","t","Balance",2016,2056000
NA,NA,"Eastern Asia",NA,"Processing","Dairy and eggs (excl. butter)","t","Balance",2017,2041500
NA,NA,"Eastern Asia",NA,"Processing","Dairy and eggs (excl. butter)","t","Balance",2018,2284000
NA,NA,"Eastern Asia",NA,"Processing","Dairy and eggs (excl. butter)","t","Balance",2019,2003000
NA,NA,"Eastern Asia",NA,"Processing","Dairy and eggs (excl. butter)","t","Balance",2020,2215000
NA,NA,"Eastern Asia",NA,"Processing","Dairy and eggs (excl. butter)","t","Balance",2021,2253000
NA,NA,"Eastern Asia",NA,"Processing","Dairy and eggs (excl. butter)","t","Balance",2022,2325500
NA,NA,"Eastern Asia",NA,"Processing","Dairy and eggs (excl. butter)","t","Balance",2023,2378500
NA,NA,"Eastern Asia",NA,"Processing","Fats and oils","t","Balance",2010,14758833.333333334
NA,NA,"Eastern Asia",NA,"Processing","Fats and oils","t","Balance",2011,14965333.333333334
NA,NA,"Eastern Asia",NA,"Processing","Fats and oils","t","Balance",2012,15920166.666666666
NA,NA,"Eastern Asia",NA,"Processing","Fats and oils","t","Balance",2013,15858666.666666666
NA,NA,"Eastern Asia",NA,"Processing","Fats and oils","t","Balance",2014,16990333.333333332
NA,NA,"Eastern Asia",NA,"Processing","Fats and oils","t","Balance",2015,18412500
NA,NA,"Eastern Asia",NA,"Processing","Fats and oils","t","Balance",2016,18077833.333333332
NA,NA,"Eastern Asia",NA,"Processing","Fats and oils","t","Balance",2017,19464000
NA,NA,"Eastern Asia",NA,"Processing","Fats and oils","t","Balance",2018,19875666.666666668
NA,NA,"Eastern Asia",NA,"Processing","Fats and oils","t","Balance",2019,18915666.666666668
NA,NA,"Eastern Asia",NA,"Processing","Fats and oils","t","Balance",2020,19822333.333333332
NA,NA,"Eastern Asia",NA,"Processing","Fats and oils","t","Balance",2021,20309833.333333332
NA,NA,"Eastern Asia",NA,"Processing","Fats and oils","t","Balance",2022,20193000
NA,NA,"Eastern Asia",NA,"Processing","Fats and oils","t","Balance",2023,21364833.333333332
NA,NA,"Eastern Asia",NA,"Processing","Fruits and vegetables","t","Balance",2010,1621166.6666666667
NA,NA,"Eastern Asia",NA,"Processing","Fruits and vegetables","t","Balance",2011,1527833.3333333333
NA,NA,"Eastern Asia",NA,"Processing","Fruits and vegetables","t","Balance",2012,1511166.6666666667
NA,NA,"Eastern Asia",NA,"Processing","Fruits and vegetables","t","Balance",2013,1562166.6666666667
NA,NA,"Eastern Asia",NA,"Processing","Fruits and vegetables","t","Balance",2014,1731500
NA,NA,"Eastern Asia",NA,"Processing","Fruits and vegetables","t","Balance",2015,1673500
NA,NA,"Eastern Asia",NA,"Processing","Fruits and vegetables","t","Balance",2016,1623000
NA,NA,"Eastern Asia",NA,"Processing","Fruits and vegetables","t","Balance",2017,1726333.3333333333
NA,NA,"Eastern Asia",NA,"Processing","Fruits and vegetables","t","Balance",2018,1697166.6666666667
NA,NA,"Eastern Asia",NA,"Processing","Fruits and vegetables","t","Balance",2019,1741666.6666666667
NA,NA,"Eastern Asia",NA,"Processing","Fruits and vegetables","t","Balance",2020,1743000
NA,NA,"Eastern Asia",NA,"Processing","Fruits and vegetables","t","Balance",2021,1761833.3333333333
NA,NA,"Eastern Asia",NA,"Processing","Fruits and vegetables","t","Balance",2022,1871166.6666666667
NA,NA,"Eastern Asia",NA,"Processing","Fruits and vegetables","t","Balance",2023,1841000
NA,NA,"Eastern Asia",NA,"Processing","Meat","t","Balance",2010,0
NA,NA,"Eastern Asia",NA,"Processing","Meat","t","Balance",2011,0
NA,NA,"Eastern Asia",NA,"Processing","Meat","t","Balance",2012,0
NA,NA,"Eastern Asia",NA,"Processing","Meat","t","Balance",2013,0
NA,NA,"Eastern Asia",NA,"Processing","Meat","t","Balance",2014,0
NA,NA,"Eastern Asia",NA,"Processing","Meat","t","Balance",2015,0
NA,NA,"Eastern Asia",NA,"Processing","Meat","t","Balance",2016,0
NA,NA,"Eastern Asia",NA,"Processing","Meat","t","Balance",2017,0
NA,NA,"Eastern Asia",NA,"Processing","Meat","t","Balance",2018,3600
NA,NA,"Eastern Asia",NA,"Processing","Meat","t","Balance",2019,2800
NA,NA,"Eastern Asia",NA,"Processing","Meat","t","Balance",2020,2800
NA,NA,"Eastern Asia",NA,"Processing","Meat","t","Balance",2021,3200
NA,NA,"Eastern Asia",NA,"Processing","Meat","t","Balance",2022,4200
NA,NA,"Eastern Asia",NA,"Processing","Meat","t","Balance",2023,4400
NA,NA,"Eastern Asia",NA,"Processing","Pulses","t","Balance",2010,37666.666666666664
NA,NA,"Eastern Asia",NA,"Processing","Pulses","t","Balance",2011,54333.333333333336
NA,NA,"Eastern Asia",NA,"Processing","Pulses","t","Balance",2012,50000
NA,NA,"Eastern Asia",NA,"Processing","Pulses","t","Balance",2013,59000
NA,NA,"Eastern Asia",NA,"Processing","Pulses","t","Balance",2014,55333.333333333336
NA,NA,"Eastern Asia",NA,"Processing","Pulses","t","Balance",2015,56666.666666666664
NA,NA,"Eastern Asia",NA,"Processing","Pulses","t","Balance",2016,62000
NA,NA,"Eastern Asia",NA,"Processing","Pulses","t","Balance",2017,73000
NA,NA,"Eastern Asia",NA,"Processing","Pulses","t","Balance",2018,94000
NA,NA,"Eastern Asia",NA,"Processing","Pulses","t","Balance",2019,89666.66666666667
NA,NA,"Eastern Asia",NA,"Processing","Pulses","t","Balance",2020,113333.33333333333
NA,NA,"Eastern Asia",NA,"Processing","Pulses","t","Balance",2021,95000
NA,NA,"Eastern Asia",NA,"Processing","Pulses","t","Balance",2022,80333.33333333333
NA,NA,"Eastern Asia",NA,"Processing","Pulses","t","Balance",2023,108000
NA,NA,"Eastern Asia",NA,"Processing","Starchy roots","t","Balance",2010,943000
NA,NA,"Eastern Asia",NA,"Processing","Starchy roots","t","Balance",2011,849000
NA,NA,"Eastern Asia",NA,"Processing","Starchy roots","t","Balance",2012,860833.3333333334
NA,NA,"Eastern Asia",NA,"Processing","Starchy roots","t","Balance",2013,873166.6666666666
NA,NA,"Eastern Asia",NA,"Processing","Starchy roots","t","Balance",2014,895500
NA,NA,"Eastern Asia",NA,"Processing","Starchy roots","t","Balance",2015,884333.3333333334
NA,NA,"Eastern Asia",NA,"Processing","Starchy roots","t","Balance",2016,902500
NA,NA,"Eastern Asia",NA,"Processing","Starchy roots","t","Balance",2017,940666.6666666666
NA,NA,"Eastern Asia",NA,"Processing","Starchy roots","t","Balance",2018,1206500
NA,NA,"Eastern Asia",NA,"Processing","Starchy roots","t","Balance",2019,1242500
NA,NA,"Eastern Asia",NA,"Processing","Starchy roots","t","Balance",2020,1328166.6666666667
NA,NA,"Eastern Asia",NA,"Processing","Starchy roots","t","Balance",2021,1435166.6666666667
NA,NA,"Eastern Asia",NA,"Processing","Starchy roots","t","Balance",2022,1585500
NA,NA,"Eastern Asia",NA,"Processing","Starchy roots","t","Balance",2023,1358333.3333333333
NA,NA,"Eastern Asia",NA,"Processing","Sugar","t","Balance",2010,21721000
NA,NA,"Eastern Asia",NA,"Processing","Sugar","t","Balance",2011,22545200
NA,NA,"Eastern Asia",NA,"Processing","Sugar","t","Balance",2012,25456600
NA,NA,"Eastern Asia",NA,"Processing","Sugar","t","Balance",2013,26458200
NA,NA,"Eastern Asia",NA,"Processing","Sugar","t","Balance",2014,26324200
NA,NA,"Eastern Asia",NA,"Processing","Sugar","t","Balance",2015,21149200
NA,NA,"Eastern Asia",NA,"Processing","Sugar","t","Balance",2016,19206200
NA,NA,"Eastern Asia",NA,"Processing","Sugar","t","Balance",2017,20094800
NA,NA,"Eastern Asia",NA,"Processing","Sugar","t","Balance",2018,21822600
NA,NA,"Eastern Asia",NA,"Processing","Sugar","t","Balance",2019,22581600
NA,NA,"Eastern Asia",NA,"Processing","Sugar","t","Balance",2020,20284200
NA,NA,"Eastern Asia",NA,"Processing","Sugar","t","Balance",2021,20517800
NA,NA,"Eastern Asia",NA,"Processing","Sugar","t","Balance",2022,19317000
NA,NA,"Eastern Asia",NA,"Processing","Sugar","t","Balance",2023,19432400
NA,NA,"Eastern Asia",NA,"Production","Beverages and other","t","Balance",2010,12120333.333333334
NA,NA,"Eastern Asia",NA,"Production","Beverages and other","t","Balance",2011,13033666.666666666
NA,NA,"Eastern Asia",NA,"Production","Beverages and other","t","Balance",2012,13194833.333333334
NA,NA,"Eastern Asia",NA,"Production","Beverages and other","t","Balance",2013,13770500
NA,NA,"Eastern Asia",NA,"Production","Beverages and other","t","Balance",2014,14460000
NA,NA,"Eastern Asia",NA,"Production","Beverages and other","t","Balance",2015,13976000
NA,NA,"Eastern Asia",NA,"Production","Beverages and other","t","Balance",2016,13548000
NA,NA,"Eastern Asia",NA,"Production","Beverages and other","t","Balance",2017,13637500
NA,NA,"Eastern Asia",NA,"Production","Beverages and other","t","Balance",2018,12779500
NA,NA,"Eastern Asia",NA,"Production","Beverages and other","t","Balance",2019,12596500
NA,NA,"Eastern Asia",NA,"Production","Beverages and other","t","Balance",2020,12026000
NA,NA,"Eastern Asia",NA,"Production","Beverages and other","t","Balance",2021,12384333.333333334
NA,NA,"Eastern Asia",NA,"Production","Beverages and other","t","Balance",2022,13062000
NA,NA,"Eastern Asia",NA,"Production","Beverages and other","t","Balance",2023,12780333.333333334
NA,NA,"Eastern Asia",NA,"Production","Cereals","t","Balance",2010,101464600
NA,NA,"Eastern Asia",NA,"Production","Cereals","t","Balance",2011,106090200
NA,NA,"Eastern Asia",NA,"Production","Cereals","t","Balance",2012,110145400
NA,NA,"Eastern Asia",NA,"Production","Cereals","t","Balance",2013,112838400
NA,NA,"Eastern Asia",NA,"Production","Cereals","t","Balance",2014,113830400
NA,NA,"Eastern Asia",NA,"Production","Cereals","t","Balance",2015,125794000
NA,NA,"Eastern Asia",NA,"Production","Cereals","t","Balance",2016,125198200
NA,NA,"Eastern Asia",NA,"Production","Cereals","t","Balance",2017,124944200
NA,NA,"Eastern Asia",NA,"Production","Cereals","t","Balance",2018,123832600
NA,NA,"Eastern Asia",NA,"Production","Cereals","t","Balance",2019,123738800
NA,NA,"Eastern Asia",NA,"Production","Cereals","t","Balance",2020,124436600
NA,NA,"Eastern Asia",NA,"Production","Cereals","t","Balance",2021,127766200
NA,NA,"Eastern Asia",NA,"Production","Cereals","t","Balance",2022,127793000
NA,NA,"Eastern Asia",NA,"Production","Cereals","t","Balance",2023,129504200
NA,NA,"Eastern Asia",NA,"Production","Dairy and eggs (excl. butter)","t","Balance",2010,23902666.666666668
NA,NA,"Eastern Asia",NA,"Production","Dairy and eggs (excl. butter)","t","Balance",2011,24272000
NA,NA,"Eastern Asia",NA,"Production","Dairy and eggs (excl. butter)","t","Balance",2012,24729000
NA,NA,"Eastern Asia",NA,"Production","Dairy and eggs (excl. butter)","t","Balance",2013,24090000
NA,NA,"Eastern Asia",NA,"Production","Dairy and eggs (excl. butter)","t","Balance",2014,24893000
NA,NA,"Eastern Asia",NA,"Production","Dairy and eggs (excl. butter)","t","Balance",2015,23523333.333333332
NA,NA,"Eastern Asia",NA,"Production","Dairy and eggs (excl. butter)","t","Balance",2016,23503000
NA,NA,"Eastern Asia",NA,"Production","Dairy and eggs (excl. butter)","t","Balance",2017,23184666.666666668
NA,NA,"Eastern Asia",NA,"Production","Dairy and eggs (excl. butter)","t","Balance",2018,23629666.666666668
NA,NA,"Eastern Asia",NA,"Production","Dairy and eggs (excl. butter)","t","Balance",2019,24300333.333333332
NA,NA,"Eastern Asia",NA,"Production","Dairy and eggs (excl. butter)","t","Balance",2020,25728333.333333332
NA,NA,"Eastern Asia",NA,"Production","Dairy and eggs (excl. butter)","t","Balance",2021,26310666.666666668
NA,NA,"Eastern Asia",NA,"Production","Dairy and eggs (excl. butter)","t","Balance",2022,27470666.666666668
NA,NA,"Eastern Asia",NA,"Production","Dairy and eggs (excl. butter)","t","Balance",2023,28671333.333333332
NA,NA,"Eastern Asia",NA,"Production","Fats and oils","t","Balance",2010,14418000
NA,NA,"Eastern Asia",NA,"Production","Fats and oils","t","Balance",2011,14707666.666666666
NA,NA,"Eastern Asia",NA,"Production","Fats and oils","t","Balance",2012,15020666.666666666
NA,NA,"Eastern Asia",NA,"Production","Fats and oils","t","Balance",2013,14795833.333333334
NA,NA,"Eastern Asia",NA,"Production","Fats and oils","t","Balance",2014,15061000
NA,NA,"Eastern Asia",NA,"Production","Fats and oils","t","Balance",2015,14792000
NA,NA,"Eastern Asia",NA,"Production","Fats and oils","t","Balance",2016,14591333.333333334
NA,NA,"Eastern Asia",NA,"Production","Fats and oils","t","Balance",2017,15306000
NA,NA,"Eastern Asia",NA,"Production","Fats and oils","t","Balance",2018,15484333.333333334
NA,NA,"Eastern Asia",NA,"Production","Fats and oils","t","Balance",2019,15441000
NA,NA,"Eastern Asia",NA,"Production","Fats and oils","t","Balance",2020,16086000
NA,NA,"Eastern Asia",NA,"Production","Fats and oils","t","Balance",2021,15934000
NA,NA,"Eastern Asia",NA,"Production","Fats and oils","t","Balance",2022,16634333.333333334
NA,NA,"Eastern Asia",NA,"Production","Fats and oils","t","Balance",2023,17210833.333333332
NA,NA,"Eastern Asia",NA,"Production","Fish and seafood","t","Balance",2010,11142166.666666666
NA,NA,"Eastern Asia",NA,"Production","Fish and seafood","t","Balance",2011,11428333.333333334
NA,NA,"Eastern Asia",NA,"Production","Fish and seafood","t","Balance",2012,11931666.666666666
NA,NA,"Eastern Asia",NA,"Production","Fish and seafood","t","Balance",2013,12448833.333333334
NA,NA,"Eastern Asia",NA,"Production","Fish and seafood","t","Balance",2014,12993333.333333334
NA,NA,"Eastern Asia",NA,"Production","Fish and seafood","t","Balance",2015,13381166.666666666
NA,NA,"Eastern Asia",NA,"Production","Fish and seafood","t","Balance",2016,13757500
NA,NA,"Eastern Asia",NA,"Production","Fish and seafood","t","Balance",2017,14099166.666666666
NA,NA,"Eastern Asia",NA,"Production","Fish and seafood","t","Balance",2018,14277000
NA,NA,"Eastern Asia",NA,"Production","Fish and seafood","t","Balance",2019,14424500
NA,NA,"Eastern Asia",NA,"Production","Fish and seafood","t","Balance",2020,14631166.666666666
NA,NA,"Eastern Asia",NA,"Production","Fish and seafood","t","Balance",2021,14968500
NA,NA,"Eastern Asia",NA,"Production","Fish and seafood","t","Balance",2022,14968500
NA,NA,"Eastern Asia",NA,"Production","Fish and seafood","t","Balance",2023,14968500
NA,NA,"Eastern Asia",NA,"Production","Fruits and vegetables","t","Balance",2010,111778333.33333333
NA,NA,"Eastern Asia",NA,"Production","Fruits and vegetables","t","Balance",2011,116395500
NA,NA,"Eastern Asia",NA,"Production","Fruits and vegetables","t","Balance",2012,119390333.33333333
NA,NA,"Eastern Asia",NA,"Production","Fruits and vegetables","t","Balance",2013,122158166.66666667
NA,NA,"Eastern Asia",NA,"Production","Fruits and vegetables","t","Balance",2014,125389833.33333333
NA,NA,"Eastern Asia",NA,"Production","Fruits and vegetables","t","Balance",2015,130347166.66666667
NA,NA,"Eastern Asia",NA,"Production","Fruits and vegetables","t","Balance",2016,132461500
NA,NA,"Eastern Asia",NA,"Production","Fruits and vegetables","t","Balance",2017,135693666.66666666
NA,NA,"Eastern Asia",NA,"Production","Fruits and vegetables","t","Balance",2018,138552000
NA,NA,"Eastern Asia",NA,"Production","Fruits and vegetables","t","Balance",2019,140583500
NA,NA,"Eastern Asia",NA,"Production","Fruits and vegetables","t","Balance",2020,142226833.33333334
NA,NA,"Eastern Asia",NA,"Production","Fruits and vegetables","t","Balance",2021,145679666.66666666
NA,NA,"Eastern Asia",NA,"Production","Fruits and vegetables","t","Balance",2022,148265666.66666666
NA,NA,"Eastern Asia",NA,"Production","Fruits and vegetables","t","Balance",2023,150101333.33333334
NA,NA,"Eastern Asia",NA,"Production","Meat","t","Balance",2010,14441333.333333334
NA,NA,"Eastern Asia",NA,"Production","Meat","t","Balance",2011,14429333.333333334
NA,NA,"Eastern Asia",NA,"Production","Meat","t","Balance",2012,15159333.333333334
NA,NA,"Eastern Asia",NA,"Production","Meat","t","Balance",2013,15516333.333333334
NA,NA,"Eastern Asia",NA,"Production","Meat","t","Balance",2014,15742166.666666666
NA,NA,"Eastern Asia",NA,"Production","Meat","t","Balance",2015,15725500
NA,NA,"Eastern Asia",NA,"Production","Meat","t","Balance",2016,15525000
NA,NA,"Eastern Asia",NA,"Production","Meat","t","Balance",2017,15589666.666666666
NA,NA,"Eastern Asia",NA,"Production","Meat","t","Balance",2018,15841500
NA,NA,"Eastern Asia",NA,"Production","Meat","t","Balance",2019,13980166.666666666
NA,NA,"Eastern Asia",NA,"Production","Meat","t","Balance",2020,14448500
NA,NA,"Eastern Asia",NA,"Production","Meat","t","Balance",2021,16579666.666666666
NA,NA,"Eastern Asia",NA,"Production","Meat","t","Balance",2022,17061833.333333332
NA,NA,"Eastern Asia",NA,"Production","Meat","t","Balance",2023,17772666.666666668
NA,NA,"Eastern Asia",NA,"Production","Pulses","t","Balance",2010,722333.3333333334
NA,NA,"Eastern Asia",NA,"Production","Pulses","t","Balance",2011,850000
NA,NA,"Eastern Asia",NA,"Production","Pulses","t","Balance",2012,791500
NA,NA,"Eastern Asia",NA,"Production","Pulses","t","Balance",2013,748833.3333333334
NA,NA,"Eastern Asia",NA,"Production","Pulses","t","Balance",2014,764666.6666666666
NA,NA,"Eastern Asia",NA,"Production","Pulses","t","Balance",2015,776166.6666666666
NA,NA,"Eastern Asia",NA,"Production","Pulses","t","Balance",2016,837166.6666666666
NA,NA,"Eastern Asia",NA,"Production","Pulses","t","Balance",2017,924000
NA,NA,"Eastern Asia",NA,"Production","Pulses","t","Balance",2018,935000
NA,NA,"Eastern Asia",NA,"Production","Pulses","t","Balance",2019,853000
NA,NA,"Eastern Asia",NA,"Production","Pulses","t","Balance",2020,848333.3333333334
NA,NA,"Eastern Asia",NA,"Production","Pulses","t","Balance",2021,844333.3333333334
NA,NA,"Eastern Asia",NA,"Production","Pulses","t","Balance",2022,842500
NA,NA,"Eastern Asia",NA,"Production","Pulses","t","Balance",2023,858833.3333333334
NA,NA,"Eastern Asia",NA,"Production","Starchy roots","t","Balance",2010,25285000
NA,NA,"Eastern Asia",NA,"Production","Starchy roots","t","Balance",2011,25963833.333333332
NA,NA,"Eastern Asia",NA,"Production","Starchy roots","t","Balance",2012,25622500
NA,NA,"Eastern Asia",NA,"Production","Starchy roots","t","Balance",2013,25471166.666666668
NA,NA,"Eastern Asia",NA,"Production","Starchy roots","t","Balance",2014,24935666.666666668
NA,NA,"Eastern Asia",NA,"Production","Starchy roots","t","Balance",2015,24480000
NA,NA,"Eastern Asia",NA,"Production","Starchy roots","t","Balance",2016,24241666.666666668
NA,NA,"Eastern Asia",NA,"Production","Starchy roots","t","Balance",2017,24765166.666666668
NA,NA,"Eastern Asia",NA,"Production","Starchy roots","t","Balance",2018,25407333.333333332
NA,NA,"Eastern Asia",NA,"Production","Starchy roots","t","Balance",2019,24897333.333333332
NA,NA,"Eastern Asia",NA,"Production","Starchy roots","t","Balance",2020,24946666.666666668
NA,NA,"Eastern Asia",NA,"Production","Starchy roots","t","Balance",2021,25037833.333333332
NA,NA,"Eastern Asia",NA,"Production","Starchy roots","t","Balance",2022,25275666.666666668
NA,NA,"Eastern Asia",NA,"Production","Starchy roots","t","Balance",2023,25510666.666666668
NA,NA,"Eastern Asia",NA,"Production","Sugar","t","Balance",2010,23087500
NA,NA,"Eastern Asia",NA,"Production","Sugar","t","Balance",2011,24253500
NA,NA,"Eastern Asia",NA,"Production","Sugar","t","Balance",2012,26279500
NA,NA,"Eastern Asia",NA,"Production","Sugar","t","Balance",2013,26865166.666666668
NA,NA,"Eastern Asia",NA,"Production","Sugar","t","Balance",2014,26194833.333333332
NA,NA,"Eastern Asia",NA,"Production","Sugar","t","Balance",2015,22021833.333333332
NA,NA,"Eastern Asia",NA,"Production","Sugar","t","Balance",2016,21636000
NA,NA,"Eastern Asia",NA,"Production","Sugar","t","Balance",2017,22145166.666666668
NA,NA,"Eastern Asia",NA,"Production","Sugar","t","Balance",2018,23299000
NA,NA,"Eastern Asia",NA,"Production","Sugar","t","Balance",2019,23740000
NA,NA,"Eastern Asia",NA,"Production","Sugar","t","Balance",2020,23281833.333333332
NA,NA,"Eastern Asia",NA,"Production","Sugar","t","Balance",2021,22308333.333333332
NA,NA,"Eastern Asia",NA,"Production","Sugar","t","Balance",2022,22053666.666666668
NA,NA,"Eastern Asia",NA,"Production","Sugar","t","Balance",2023,22460166.666666668
NA,NA,"Eastern Asia",NA,"Protein supply quantity (g/capita/day)","Beverages and other","g/cap/d","Per capita",2010,5.976666666666667
NA,NA,"Eastern Asia",NA,"Protein supply quantity (g/capita/day)","Beverages and other","g/cap/d","Per capita",2011,5.895
NA,NA,"Eastern Asia",NA,"Protein supply quantity (g/capita/day)","Beverages and other","g/cap/d","Per capita",2012,6.011666666666667
NA,NA,"Eastern Asia",NA,"Protein supply quantity (g/capita/day)","Beverages and other","g/cap/d","Per capita",2013,5.976666666666667
NA,NA,"Eastern Asia",NA,"Protein supply quantity (g/capita/day)","Beverages and other","g/cap/d","Per capita",2014,6.721666666666667
NA,NA,"Eastern Asia",NA,"Protein supply quantity (g/capita/day)","Beverages and other","g/cap/d","Per capita",2015,6.696666666666666
NA,NA,"Eastern Asia",NA,"Protein supply quantity (g/capita/day)","Beverages and other","g/cap/d","Per capita",2016,6.493333333333333
NA,NA,"Eastern Asia",NA,"Protein supply quantity (g/capita/day)","Beverages and other","g/cap/d","Per capita",2017,6.555
NA,NA,"Eastern Asia",NA,"Protein supply quantity (g/capita/day)","Beverages and other","g/cap/d","Per capita",2018,6.566666666666666
NA,NA,"Eastern Asia",NA,"Protein supply quantity (g/capita/day)","Beverages and other","g/cap/d","Per capita",2019,6.09
NA,NA,"Eastern Asia",NA,"Protein supply quantity (g/capita/day)","Beverages and other","g/cap/d","Per capita",2020,5.39
NA,NA,"Eastern Asia",NA,"Protein supply quantity (g/capita/day)","Beverages and other","g/cap/d","Per capita",2021,6.585
NA,NA,"Eastern Asia",NA,"Protein supply quantity (g/capita/day)","Beverages and other","g/cap/d","Per capita",2022,6.9766666666666675
NA,NA,"Eastern Asia",NA,"Protein supply quantity (g/capita/day)","Beverages and other","g/cap/d","Per capita",2023,6.591666666666667
NA,NA,"Eastern Asia",NA,"Protein supply quantity (g/capita/day)","Cereals","g/cap/d","Per capita",2010,28.208333333333332
NA,NA,"Eastern Asia",NA,"Protein supply quantity (g/capita/day)","Cereals","g/cap/d","Per capita",2011,28.41
NA,NA,"Eastern Asia",NA,"Protein supply quantity (g/capita/day)","Cereals","g/cap/d","Per capita",2012,27.618333333333336
NA,NA,"Eastern Asia",NA,"Protein supply quantity (g/capita/day)","Cereals","g/cap/d","Per capita",2013,27.91
NA,NA,"Eastern Asia",NA,"Protein supply quantity (g/capita/day)","Cereals","g/cap/d","Per capita",2014,27.765
NA,NA,"Eastern Asia",NA,"Protein supply quantity (g/capita/day)","Cereals","g/cap/d","Per capita",2015,27.49
NA,NA,"Eastern Asia",NA,"Protein supply quantity (g/capita/day)","Cereals","g/cap/d","Per capita",2016,27.65833333333333
NA,NA,"Eastern Asia",NA,"Protein supply quantity (g/capita/day)","Cereals","g/cap/d","Per capita",2017,27.22
NA,NA,"Eastern Asia",NA,"Protein supply quantity (g/capita/day)","Cereals","g/cap/d","Per capita",2018,27.53
NA,NA,"Eastern Asia",NA,"Protein supply quantity (g/capita/day)","Cereals","g/cap/d","Per capita",2019,21.91166666666667
NA,NA,"Eastern Asia",NA,"Protein supply quantity (g/capita/day)","Cereals","g/cap/d","Per capita",2020,22.62
NA,NA,"Eastern Asia",NA,"Protein supply quantity (g/capita/day)","Cereals","g/cap/d","Per capita",2021,22.593333333333334
NA,NA,"Eastern Asia",NA,"Protein supply quantity (g/capita/day)","Cereals","g/cap/d","Per capita",2022,22.168333333333333
NA,NA,"Eastern Asia",NA,"Protein supply quantity (g/capita/day)","Cereals","g/cap/d","Per capita",2023,22.023333333333333
NA,NA,"Eastern Asia",NA,"Protein supply quantity (g/capita/day)","Dairy and eggs (excl. butter)","g/cap/d","Per capita",2010,15.936666666666667
NA,NA,"Eastern Asia",NA,"Protein supply quantity (g/capita/day)","Dairy and eggs (excl. butter)","g/cap/d","Per capita",2011,17.803333333333335
NA,NA,"Eastern Asia",NA,"Protein supply quantity (g/capita/day)","Dairy and eggs (excl. butter)","g/cap/d","Per capita",2012,17.436666666666667
NA,NA,"Eastern Asia",NA,"Protein supply quantity (g/capita/day)","Dairy and eggs (excl. butter)","g/cap/d","Per capita",2013,17.689999999999998
NA,NA,"Eastern Asia",NA,"Protein supply quantity (g/capita/day)","Dairy and eggs (excl. butter)","g/cap/d","Per capita",2014,19.903333333333332
NA,NA,"Eastern Asia",NA,"Protein supply quantity (g/capita/day)","Dairy and eggs (excl. butter)","g/cap/d","Per capita",2015,20.4
NA,NA,"Eastern Asia",NA,"Protein supply quantity (g/capita/day)","Dairy and eggs (excl. butter)","g/cap/d","Per capita",2016,21.12
NA,NA,"Eastern Asia",NA,"Protein supply quantity (g/capita/day)","Dairy and eggs (excl. butter)","g/cap/d","Per capita",2017,22.06
NA,NA,"Eastern Asia",NA,"Protein supply quantity (g/capita/day)","Dairy and eggs (excl. butter)","g/cap/d","Per capita",2018,22.426666666666666
NA,NA,"Eastern Asia",NA,"Protein supply quantity (g/capita/day)","Dairy and eggs (excl. butter)","g/cap/d","Per capita",2019,21.09
NA,NA,"Eastern Asia",NA,"Protein supply quantity (g/capita/day)","Dairy and eggs (excl. butter)","g/cap/d","Per capita",2020,20.236666666666668
NA,NA,"Eastern Asia",NA,"Protein supply quantity (g/capita/day)","Dairy and eggs (excl. butter)","g/cap/d","Per capita",2021,20.476666666666667
NA,NA,"Eastern Asia",NA,"Protein supply quantity (g/capita/day)","Dairy and eggs (excl. butter)","g/cap/d","Per capita",2022,20.92
NA,NA,"Eastern Asia",NA,"Protein supply quantity (g/capita/day)","Dairy and eggs (excl. butter)","g/cap/d","Per capita",2023,20.723333333333333
NA,NA,"Eastern Asia",NA,"Protein supply quantity (g/capita/day)","Fats and oils","g/cap/d","Per capita",2010,3.9699999999999998
NA,NA,"Eastern Asia",NA,"Protein supply quantity (g/capita/day)","Fats and oils","g/cap/d","Per capita",2011,4.323333333333333
NA,NA,"Eastern Asia",NA,"Protein supply quantity (g/capita/day)","Fats and oils","g/cap/d","Per capita",2012,4.261666666666667
NA,NA,"Eastern Asia",NA,"Protein supply quantity (g/capita/day)","Fats and oils","g/cap/d","Per capita",2013,3.925
NA,NA,"Eastern Asia",NA,"Protein supply quantity (g/capita/day)","Fats and oils","g/cap/d","Per capita",2014,4.128333333333334
NA,NA,"Eastern Asia",NA,"Protein supply quantity (g/capita/day)","Fats and oils","g/cap/d","Per capita",2015,3.756666666666667
NA,NA,"Eastern Asia",NA,"Protein supply quantity (g/capita/day)","Fats and oils","g/cap/d","Per capita",2016,4.2
NA,NA,"Eastern Asia",NA,"Protein supply quantity (g/capita/day)","Fats and oils","g/cap/d","Per capita",2017,4.253333333333333
NA,NA,"Eastern Asia",NA,"Protein supply quantity (g/capita/day)","Fats and oils","g/cap/d","Per capita",2018,3.96
NA,NA,"Eastern Asia",NA,"Protein supply quantity (g/capita/day)","Fats and oils","g/cap/d","Per capita",2019,3.71
NA,NA,"Eastern Asia",NA,"Protein supply quantity (g/capita/day)","Fats and oils","g/cap/d","Per capita",2020,3.618333333333333
NA,NA,"Eastern Asia",NA,"Protein supply quantity (g/capita/day)","Fats and oils","g/cap/d","Per capita",2021,3.6816666666666666
NA,NA,"Eastern Asia",NA,"Protein supply quantity (g/capita/day)","Fats and oils","g/cap/d","Per capita",2022,3.658333333333333
NA,NA,"Eastern Asia",NA,"Protein supply quantity (g/capita/day)","Fats and oils","g/cap/d","Per capita",2023,3.8383333333333334
NA,NA,"Eastern Asia",NA,"Protein supply quantity (g/capita/day)","Fish and seafood","g/cap/d","Per capita",2010,9.915000000000001
NA,NA,"Eastern Asia",NA,"Protein supply quantity (g/capita/day)","Fish and seafood","g/cap/d","Per capita",2011,10.120000000000001
NA,NA,"Eastern Asia",NA,"Protein supply quantity (g/capita/day)","Fish and seafood","g/cap/d","Per capita",2012,9.97
NA,NA,"Eastern Asia",NA,"Protein supply quantity (g/capita/day)","Fish and seafood","g/cap/d","Per capita",2013,9.7716666666666665
NA,NA,"Eastern Asia",NA,"Protein supply quantity (g/capita/day)","Fish and seafood","g/cap/d","Per capita",2014,10.328333333333333
NA,NA,"Eastern Asia",NA,"Protein supply quantity (g/capita/day)","Fish and seafood","g/cap/d","Per capita",2015,10.815
NA,NA,"Eastern Asia",NA,"Protein supply quantity (g/capita/day)","Fish and seafood","g/cap/d","Per capita",2016,10.408333333333333
NA,NA,"Eastern Asia",NA,"Protein supply quantity (g/capita/day)","Fish and seafood","g/cap/d","Per capita",2017,10.601666666666667
NA,NA,"Eastern Asia",NA,"Protein supply quantity (g/capita/day)","Fish and seafood","g/cap/d","Per capita",2018,10.836666666666668
NA,NA,"Eastern Asia",NA,"Protein supply quantity (g/capita/day)","Fish and seafood","g/cap/d","Per capita",2019,10.283333333333333
NA,NA,"Eastern Asia",NA,"Protein supply quantity (g/capita/day)","Fish and seafood","g/cap/d","Per capita",2020,9.938333333333333
NA,NA,"Eastern Asia",NA,"Protein supply quantity (g/capita/day)","Fish and seafood","g/cap/d","Per capita",2021,10.045
NA,NA,"Eastern Asia",NA,"Protein supply quantity (g/capita/day)","Fish and seafood","g/cap/d","Per capita",2022,10.026666666666667
NA,NA,"Eastern Asia",NA,"Protein supply quantity (g/capita/day)","Fish and seafood","g/cap/d","Per capita",2023,10
NA,NA,"Eastern Asia",NA,"Protein supply quantity (g/capita/day)","Fruits and vegetables","g/cap/d","Per capita",2010,7.878333333333333
NA,NA,"Eastern Asia",NA,"Protein supply quantity (g/capita/day)","Fruits and vegetables","g/cap/d","Per capita",2011,8.2283333333333335
NA,NA,"Eastern Asia",NA,"Protein supply quantity (g/capita/day)","Fruits and vegetables","g/cap/d","Per capita",2012,8.373333333333333
NA,NA,"Eastern Asia",NA,"Protein supply quantity (g/capita/day)","Fruits and vegetables","g/cap/d","Per capita",2013,8.278333333333332
NA,NA,"Eastern Asia",NA,"Protein supply quantity (g/capita/day)","Fruits and vegetables","g/cap/d","Per capita",2014,8.633333333333333
NA,NA,"Eastern Asia",NA,"Protein supply quantity (g/capita/day)","Fruits and vegetables","g/cap/d","Per capita",2015,8.546666666666667
NA,NA,"Eastern Asia",NA,"Protein supply quantity (g/capita/day)","Fruits and vegetables","g/cap/d","Per capita",2016,8.55
NA,NA,"Eastern Asia",NA,"Protein supply quantity (g/capita/day)","Fruits and vegetables","g/cap/d","Per capita",2017,8.963333333333333
NA,NA,"Eastern Asia",NA,"Protein supply quantity (g/capita/day)","Fruits and vegetables","g/cap/d","Per capita",2018,9.111666666666666
NA,NA,"Eastern Asia",NA,"Protein supply quantity (g/capita/day)","Fruits and vegetables","g/cap/d","Per capita",2019,8.723333333333333
NA,NA,"Eastern Asia",NA,"Protein supply quantity (g/capita/day)","Fruits and vegetables","g/cap/d","Per capita",2020,8.13
NA,NA,"Eastern Asia",NA,"Protein supply quantity (g/capita/day)","Fruits and vegetables","g/cap/d","Per capita",2021,8.373333333333333
NA,NA,"Eastern Asia",NA,"Protein supply quantity (g/capita/day)","Fruits and vegetables","g/cap/d","Per capita",2022,8.178333333333333
NA,NA,"Eastern Asia",NA,"Protein supply quantity (g/capita/day)","Fruits and vegetables","g/cap/d","Per capita",2023,8.49
NA,NA,"Eastern Asia",NA,"Protein supply quantity (g/capita/day)","Meat","g/cap/d","Per capita",2010,33.65
NA,NA,"Eastern Asia",NA,"Protein supply quantity (g/capita/day)","Meat","g/cap/d","Per capita",2011,35.4
NA,NA,"Eastern Asia",NA,"Protein supply quantity (g/capita/day)","Meat","g/cap/d","Per capita",2012,35.903333333333336
NA,NA,"Eastern Asia",NA,"Protein supply quantity (g/capita/day)","Meat","g/cap/d","Per capita",2013,36.45
NA,NA,"Eastern Asia",NA,"Protein supply quantity (g/capita/day)","Meat","g/cap/d","Per capita",2014,37.28
NA,NA,"Eastern Asia",NA,"Protein supply quantity (g/capita/day)","Meat","g/cap/d","Per capita",2015,37.90166666666667
NA,NA,"Eastern Asia",NA,"Protein supply quantity (g/capita/day)","Meat","g/cap/d","Per capita",2016,38.843333333333334
NA,NA,"Eastern Asia",NA,"Protein supply quantity (g/capita/day)","Meat","g/cap/d","Per capita",2017,40.85166666666667
NA,NA,"Eastern Asia",NA,"Protein supply quantity (g/capita/day)","Meat","g/cap/d","Per capita",2018,40.361666666666665
NA,NA,"Eastern Asia",NA,"Protein supply quantity (g/capita/day)","Meat","g/cap/d","Per capita",2019,41.085
NA,NA,"Eastern Asia",NA,"Protein supply quantity (g/capita/day)","Meat","g/cap/d","Per capita",2020,41.79666666666667
NA,NA,"Eastern Asia",NA,"Protein supply quantity (g/capita/day)","Meat","g/cap/d","Per capita",2021,41.63166666666667
NA,NA,"Eastern Asia",NA,"Protein supply quantity (g/capita/day)","Meat","g/cap/d","Per capita",2022,40.193333333333335
NA,NA,"Eastern Asia",NA,"Protein supply quantity (g/capita/day)","Meat","g/cap/d","Per capita",2023,40.806666666666665
NA,NA,"Eastern Asia",NA,"Protein supply quantity (g/capita/day)","Pulses","g/cap/d","Per capita",2010,1.865
NA,NA,"Eastern Asia",NA,"Protein supply quantity (g/capita/day)","Pulses","g/cap/d","Per capita",2011,1.8266666666666667
NA,NA,"Eastern Asia",NA,"Protein supply quantity (g/capita/day)","Pulses","g/cap/d","Per capita",2012,1.81
NA,NA,"Eastern Asia",NA,"Protein supply quantity (g/capita/day)","Pulses","g/cap/d","Per capita",2013,1.815
NA,NA,"Eastern Asia",NA,"Protein supply quantity (g/capita/day)","Pulses","g/cap/d","Per capita",2014,1.78
NA,NA,"Eastern Asia",NA,"Protein supply quantity (g/capita/day)","Pulses","g/cap/d","Per capita",2015,1.7716666666666667
NA,NA,"Eastern Asia",NA,"Protein supply quantity (g/capita/day)","Pulses","g/cap/d","Per capita",2016,1.7483333333333333
NA,NA,"Eastern Asia",NA,"Protein supply quantity (g/capita/day)","Pulses","g/cap/d","Per capita",2017,1.5916666666666666
NA,NA,"Eastern Asia",NA,"Protein supply quantity (g/capita/day)","Pulses","g/cap/d","Per capita",2018,1.6166666666666667
NA,NA,"Eastern Asia",NA,"Protein supply quantity (g/capita/day)","Pulses","g/cap/d","Per capita",2019,0.5483333333333333
NA,NA,"Eastern Asia",NA,"Protein supply quantity (g/capita/day)","Pulses","g/cap/d","Per capita",2020,0.575
NA,NA,"Eastern Asia",NA,"Protein supply quantity (g/capita/day)","Pulses","g/cap/d","Per capita",2021,0.59
NA,NA,"Eastern Asia",NA,"Protein supply quantity (g/capita/day)","Pulses","g/cap/d","Per capita",2022,0.5616666666666666
NA,NA,"Eastern Asia",NA,"Protein supply quantity (g/capita/day)","Pulses","g/cap/d","Per capita",2023,0.6716666666666666
NA,NA,"Eastern Asia",NA,"Protein supply quantity (g/capita/day)","Starchy roots","g/cap/d","Per capita",2010,1.5
NA,NA,"Eastern Asia",NA,"Protein supply quantity (g/capita/day)","Starchy roots","g/cap/d","Per capita",2011,1.5483333333333333
NA,NA,"Eastern Asia",NA,"Protein supply quantity (g/capita/day)","Starchy roots","g/cap/d","Per capita",2012,1.5483333333333333
NA,NA,"Eastern Asia",NA,"Protein supply quantity (g/capita/day)","Starchy roots","g/cap/d","Per capita",2013,1.3733333333333333
NA,NA,"Eastern Asia",NA,"Protein supply quantity (g/capita/day)","Starchy roots","g/cap/d","Per capita",2014,1.395
NA,NA,"Eastern Asia",NA,"Protein supply quantity (g/capita/day)","Starchy roots","g/cap/d","Per capita",2015,1.3616666666666668
NA,NA,"Eastern Asia",NA,"Protein supply quantity (g/capita/day)","Starchy roots","g/cap/d","Per capita",2016,1.3066666666666666
NA,NA,"Eastern Asia",NA,"Protein supply quantity (g/capita/day)","Starchy roots","g/cap/d","Per capita",2017,1.22
NA,NA,"Eastern Asia",NA,"Protein supply quantity (g/capita/day)","Starchy roots","g/cap/d","Per capita",2018,1.2866666666666666
NA,NA,"Eastern Asia",NA,"Protein supply quantity (g/capita/day)","Starchy roots","g/cap/d","Per capita",2019,1.1366666666666667
NA,NA,"Eastern Asia",NA,"Protein supply quantity (g/capita/day)","Starchy roots","g/cap/d","Per capita",2020,1.2
NA,NA,"Eastern Asia",NA,"Protein supply quantity (g/capita/day)","Starchy roots","g/cap/d","Per capita",2021,1.1066666666666667
NA,NA,"Eastern Asia",NA,"Protein supply quantity (g/capita/day)","Starchy roots","g/cap/d","Per capita",2022,1.1883333333333332
NA,NA,"Eastern Asia",NA,"Protein supply quantity (g/capita/day)","Starchy roots","g/cap/d","Per capita",2023,1.1033333333333333
NA,NA,"Eastern Asia",NA,"Protein supply quantity (g/capita/day)","Sugar","g/cap/d","Per capita",2010,0.16166666666666668
NA,NA,"Eastern Asia",NA,"Protein supply quantity (g/capita/day)","Sugar","g/cap/d","Per capita",2011,0.16333333333333333
NA,NA,"Eastern Asia",NA,"Protein supply quantity (g/capita/day)","Sugar","g/cap/d","Per capita",2012,0.16333333333333333
NA,NA,"Eastern Asia",NA,"Protein supply quantity (g/capita/day)","Sugar","g/cap/d","Per capita",2013,0.15333333333333332
NA,NA,"Eastern Asia",NA,"Protein supply quantity (g/capita/day)","Sugar","g/cap/d","Per capita",2014,0.17333333333333334
NA,NA,"Eastern Asia",NA,"Protein supply quantity (g/capita/day)","Sugar","g/cap/d","Per capita",2015,0.16666666666666666
NA,NA,"Eastern Asia",NA,"Protein supply quantity (g/capita/day)","Sugar","g/cap/d","Per capita",2016,0.16333333333333333
NA,NA,"Eastern Asia",NA,"Protein supply quantity (g/capita/day)","Sugar","g/cap/d","Per capita",2017,0.16333333333333333
NA,NA,"Eastern Asia",NA,"Protein supply quantity (g/capita/day)","Sugar","g/cap/d","Per capita",2018,0.16833333333333333
NA,NA,"Eastern Asia",NA,"Protein supply quantity (g/capita/day)","Sugar","g/cap/d","Per capita",2019,0.17833333333333334
NA,NA,"Eastern Asia",NA,"Protein supply quantity (g/capita/day)","Sugar","g/cap/d","Per capita",2020,0.17166666666666666
NA,NA,"Eastern Asia",NA,"Protein supply quantity (g/capita/day)","Sugar","g/cap/d","Per capita",2021,0.16666666666666669
NA,NA,"Eastern Asia",NA,"Protein supply quantity (g/capita/day)","Sugar","g/cap/d","Per capita",2022,0.15666666666666668
NA,NA,"Eastern Asia",NA,"Protein supply quantity (g/capita/day)","Sugar","g/cap/d","Per capita",2023,0.15833333333333333
NA,NA,"Eastern Asia",NA,"Residuals","Beverages and other","t","Balance",2010,-347500
NA,NA,"Eastern Asia",NA,"Residuals","Beverages and other","t","Balance",2011,-408666.6666666667
NA,NA,"Eastern Asia",NA,"Residuals","Beverages and other","t","Balance",2012,-420000
NA,NA,"Eastern Asia",NA,"Residuals","Beverages and other","t","Balance",2013,-445833.3333333333
NA,NA,"Eastern Asia",NA,"Residuals","Beverages and other","t","Balance",2014,-472833.3333333333
NA,NA,"Eastern Asia",NA,"Residuals","Beverages and other","t","Balance",2015,-493166.6666666667
NA,NA,"Eastern Asia",NA,"Residuals","Beverages and other","t","Balance",2016,-497500
NA,NA,"Eastern Asia",NA,"Residuals","Beverages and other","t","Balance",2017,-563333.3333333334
NA,NA,"Eastern Asia",NA,"Residuals","Beverages and other","t","Balance",2018,-594666.6666666666
NA,NA,"Eastern Asia",NA,"Residuals","Beverages and other","t","Balance",2019,-541666.6666666666
NA,NA,"Eastern Asia",NA,"Residuals","Beverages and other","t","Balance",2020,-583500
NA,NA,"Eastern Asia",NA,"Residuals","Beverages and other","t","Balance",2021,-635000
NA,NA,"Eastern Asia",NA,"Residuals","Beverages and other","t","Balance",2022,-663000
NA,NA,"Eastern Asia",NA,"Residuals","Beverages and other","t","Balance",2023,-698166.6666666666
NA,NA,"Eastern Asia",NA,"Residuals","Cereals","t","Balance",2010,-175333.33333333334
NA,NA,"Eastern Asia",NA,"Residuals","Cereals","t","Balance",2011,-158000
NA,NA,"Eastern Asia",NA,"Residuals","Cereals","t","Balance",2012,-218500
NA,NA,"Eastern Asia",NA,"Residuals","Cereals","t","Balance",2013,-257333.33333333334
NA,NA,"Eastern Asia",NA,"Residuals","Cereals","t","Balance",2014,-10500
NA,NA,"Eastern Asia",NA,"Residuals","Cereals","t","Balance",2015,-7166.666666666667
NA,NA,"Eastern Asia",NA,"Residuals","Cereals","t","Balance",2016,-4666.666666666667
NA,NA,"Eastern Asia",NA,"Residuals","Cereals","t","Balance",2017,-5500
NA,NA,"Eastern Asia",NA,"Residuals","Cereals","t","Balance",2018,-6333.333333333333
NA,NA,"Eastern Asia",NA,"Residuals","Cereals","t","Balance",2019,-6666.666666666667
NA,NA,"Eastern Asia",NA,"Residuals","Cereals","t","Balance",2020,-5500
NA,NA,"Eastern Asia",NA,"Residuals","Cereals","t","Balance",2021,18333.333333333332
NA,NA,"Eastern Asia",NA,"Residuals","Cereals","t","Balance",2022,-4333.333333333333
NA,NA,"Eastern Asia",NA,"Residuals","Cereals","t","Balance",2023,-6833.333333333333
NA,NA,"Eastern Asia",NA,"Residuals","Dairy and eggs (excl. butter)","t","Balance",2010,-22000
NA,NA,"Eastern Asia",NA,"Residuals","Dairy and eggs (excl. butter)","t","Balance",2011,-28000
NA,NA,"Eastern Asia",NA,"Residuals","Dairy and eggs (excl. butter)","t","Balance",2012,-38666.666666666664
NA,NA,"Eastern Asia",NA,"Residuals","Dairy and eggs (excl. butter)","t","Balance",2013,-38000
NA,NA,"Eastern Asia",NA,"Residuals","Dairy and eggs (excl. butter)","t","Balance",2014,-57000
NA,NA,"Eastern Asia",NA,"Residuals","Dairy and eggs (excl. butter)","t","Balance",2015,-73666.66666666667
NA,NA,"Eastern Asia",NA,"Residuals","Dairy and eggs (excl. butter)","t","Balance",2016,-107666.66666666667
NA,NA,"Eastern Asia",NA,"Residuals","Dairy and eggs (excl. butter)","t","Balance",2017,-134666.66666666666
NA,NA,"Eastern Asia",NA,"Residuals","Dairy and eggs (excl. butter)","t","Balance",2018,-166000
NA,NA,"Eastern Asia",NA,"Residuals","Dairy and eggs (excl. butter)","t","Balance",2019,-190000
NA,NA,"Eastern Asia",NA,"Residuals","Dairy and eggs (excl. butter)","t","Balance",2020,-306666.6666666667
NA,NA,"Eastern Asia",NA,"Residuals","Dairy and eggs (excl. butter)","t","Balance",2021,-284666.6666666667
NA,NA,"Eastern Asia",NA,"Residuals","Dairy and eggs (excl. butter)","t","Balance",2022,-175333.33333333334
NA,NA,"Eastern Asia",NA,"Residuals","Dairy and eggs (excl. butter)","t","Balance",2023,-140666.66666666666
NA,NA,"Eastern Asia",NA,"Residuals","Fats and oils","t","Balance",2010,-5666.666666666667
NA,NA,"Eastern Asia",NA,"Residuals","Fats and oils","t","Balance",2011,-3333.3333333333335
NA,NA,"Eastern Asia",NA,"Residuals","Fats and oils","t","Balance",2012,0
NA,NA,"Eastern Asia",NA,"Residuals","Fats and oils","t","Balance",2013,3666.6666666666665
NA,NA,"Eastern Asia",NA,"Residuals","Fats and oils","t","Balance",2014,-4500
NA,NA,"Eastern Asia",NA,"Residuals","Fats and oils","t","Balance",2015,-7166.666666666667
NA,NA,"Eastern Asia",NA,"Residuals","Fats and oils","t","Balance",2016,-1333.3333333333333
NA,NA,"Eastern Asia",NA,"Residuals","Fats and oils","t","Balance",2017,-5500
NA,NA,"Eastern Asia",NA,"Residuals","Fats and oils","t","Balance",2018,-5666.666666666667
NA,NA,"Eastern Asia",NA,"Residuals","Fats and oils","t","Balance",2019,-2000
NA,NA,"Eastern Asia",NA,"Residuals","Fats and oils","t","Balance",2020,-333.3333333333333
NA,NA,"Eastern Asia",NA,"Residuals","Fats and oils","t","Balance",2021,-333.3333333333333
NA,NA,"Eastern Asia",NA,"Residuals","Fats and oils","t","Balance",2022,-12500
NA,NA,"Eastern Asia",NA,"Residuals","Fats and oils","t","Balance",2023,-11000
NA,NA,"Eastern Asia",NA,"Residuals","Fish and seafood","t","Balance",2010,0
NA,NA,"Eastern Asia",NA,"Residuals","Fish and seafood","t","Balance",2011,0
NA,NA,"Eastern Asia",NA,"Residuals","Fish and seafood","t","Balance",2012,0
NA,NA,"Eastern Asia",NA,"Residuals","Fish and seafood","t","Balance",2013,0
NA,NA,"Eastern Asia",NA,"Residuals","Fish and seafood","t","Balance",2014,0
NA,NA,"Eastern Asia",NA,"Residuals","Fish and seafood","t","Balance",2015,0
NA,NA,"Eastern Asia",NA,"Residuals","Fish and seafood","t","Balance",2016,0
NA,NA,"Eastern Asia",NA,"Residuals","Fish and seafood","t","Balance",2017,0
NA,NA,"Eastern Asia",NA,"Residuals","Fish and seafood","t","Balance",2018,0
NA,NA,"Eastern Asia",NA,"Residuals","Fish and seafood","t","Balance",2019,0
NA,NA,"Eastern Asia",NA,"Residuals","Fish and seafood","t","Balance",2020,0
NA,NA,"Eastern Asia",NA,"Residuals","Fish and seafood","t","Balance",2021,0
NA,NA,"Eastern Asia",NA,"Residuals","Fish and seafood","t","Balance",2022,0
NA,NA,"Eastern Asia",NA,"Residuals","Fish and seafood","t","Balance",2023,0
NA,NA,"Eastern Asia",NA,"Residuals","Fruits and vegetables","t","Balance",2010,30000
NA,NA,"Eastern Asia",NA,"Residuals","Fruits and vegetables","t","Balance",2011,29166.666666666668
NA,NA,"Eastern Asia",NA,"Residuals","Fruits and vegetables","t","Balance",2012,11833.333333333334
NA,NA,"Eastern Asia",NA,"Residuals","Fruits and vegetables","t","Balance",2013,10333.333333333334
NA,NA,"Eastern Asia",NA,"Residuals","Fruits and vegetables","t","Balance",2014,8833.333333333334
NA,NA,"Eastern Asia",NA,"Residuals","Fruits and vegetables","t","Balance",2015,1000
NA,NA,"Eastern Asia",NA,"Residuals","Fruits and vegetables","t","Balance",2016,-333.3333333333333
NA,NA,"Eastern Asia",NA,"Residuals","Fruits and vegetables","t","Balance",2017,2166.6666666666665
NA,NA,"Eastern Asia",NA,"Residuals","Fruits and vegetables","t","Balance",2018,7000
NA,NA,"Eastern Asia",NA,"Residuals","Fruits and vegetables","t","Balance",2019,9000
NA,NA,"Eastern Asia",NA,"Residuals","Fruits and vegetables","t","Balance",2020,34000
NA,NA,"Eastern Asia",NA,"Residuals","Fruits and vegetables","t","Balance",2021,31000
NA,NA,"Eastern Asia",NA,"Residuals","Fruits and vegetables","t","Balance",2022,2166.6666666666665
NA,NA,"Eastern Asia",NA,"Residuals","Fruits and vegetables","t","Balance",2023,-26666.666666666668
NA,NA,"Eastern Asia",NA,"Residuals","Meat","t","Balance",2010,-51000
NA,NA,"Eastern Asia",NA,"Residuals","Meat","t","Balance",2011,-48333.333333333336
NA,NA,"Eastern Asia",NA,"Residuals","Meat","t","Balance",2012,-75833.33333333333
NA,NA,"Eastern Asia",NA,"Residuals","Meat","t","Balance",2013,-66333.33333333333
NA,NA,"Eastern Asia",NA,"Residuals","Meat","t","Balance",2014,-56500
NA,NA,"Eastern Asia",NA,"Residuals","Meat","t","Balance",2015,-50833.333333333336
NA,NA,"Eastern Asia",NA,"Residuals","Meat","t","Balance",2016,-65166.666666666664
NA,NA,"Eastern Asia",NA,"Residuals","Meat","t","Balance",2017,-104666.66666666667
NA,NA,"Eastern Asia",NA,"Residuals","Meat","t","Balance",2018,-70833.33333333333
NA,NA,"Eastern Asia",NA,"Residuals","Meat","t","Balance",2019,-75166.66666666667
NA,NA,"Eastern Asia",NA,"Residuals","Meat","t","Balance",2020,53500
NA,NA,"Eastern Asia",NA,"Residuals","Meat","t","Balance",2021,-4000
NA,NA,"Eastern Asia",NA,"Residuals","Meat","t","Balance",2022,-88666.66666666667
NA,NA,"Eastern Asia",NA,"Residuals","Meat","t","Balance",2023,-84833.33333333333
NA,NA,"Eastern Asia",NA,"Residuals","Pulses","t","Balance",2010,0
NA,NA,"Eastern Asia",NA,"Residuals","Pulses","t","Balance",2011,0
NA,NA,"Eastern Asia",NA,"Residuals","Pulses","t","Balance",2012,-500
NA,NA,"Eastern Asia",NA,"Residuals","Pulses","t","Balance",2013,0
NA,NA,"Eastern Asia",NA,"Residuals","Pulses","t","Balance",2014,0
NA,NA,"Eastern Asia",NA,"Residuals","Pulses","t","Balance",2015,0
NA,NA,"Eastern Asia",NA,"Residuals","Pulses","t","Balance",2016,0
NA,NA,"Eastern Asia",NA,"Residuals","Pulses","t","Balance",2017,0
NA,NA,"Eastern Asia",NA,"Residuals","Pulses","t","Balance",2018,0
NA,NA,"Eastern Asia",NA,"Residuals","Pulses","t","Balance",2019,0
NA,NA,"Eastern Asia",NA,"Residuals","Pulses","t","Balance",2020,0
NA,NA,"Eastern Asia",NA,"Residuals","Pulses","t","Balance",2021,0
NA,NA,"Eastern Asia",NA,"Residuals","Pulses","t","Balance",2022,0
NA,NA,"Eastern Asia",NA,"Residuals","Pulses","t","Balance",2023,0
NA,NA,"Eastern Asia",NA,"Residuals","Starchy roots","t","Balance",2010,-130000
NA,NA,"Eastern Asia",NA,"Residuals","Starchy roots","t","Balance",2011,113000
NA,NA,"Eastern Asia",NA,"Residuals","Starchy roots","t","Balance",2012,134166.66666666666
NA,NA,"Eastern Asia",NA,"Residuals","Starchy roots","t","Balance",2013,184000
NA,NA,"Eastern Asia",NA,"Residuals","Starchy roots","t","Balance",2014,245166.66666666666
NA,NA,"Eastern Asia",NA,"Residuals","Starchy roots","t","Balance",2015,233666.66666666666
NA,NA,"Eastern Asia",NA,"Residuals","Starchy roots","t","Balance",2016,266666.6666666667
NA,NA,"Eastern Asia",NA,"Residuals","Starchy roots","t","Balance",2017,300000
NA,NA,"Eastern Asia",NA,"Residuals","Starchy roots","t","Balance",2018,-3166.6666666666665
NA,NA,"Eastern Asia",NA,"Residuals","Starchy roots","t","Balance",2019,-1500
NA,NA,"Eastern Asia",NA,"Residuals","Starchy roots","t","Balance",2020,-1666.6666666666667
NA,NA,"Eastern Asia",NA,"Residuals","Starchy roots","t","Balance",2021,-1833.3333333333333
NA,NA,"Eastern Asia",NA,"Residuals","Starchy roots","t","Balance",2022,-16500
NA,NA,"Eastern Asia",NA,"Residuals","Starchy roots","t","Balance",2023,-33000
NA,NA,"Eastern Asia",NA,"Residuals","Sugar","t","Balance",2010,-9166.666666666666
NA,NA,"Eastern Asia",NA,"Residuals","Sugar","t","Balance",2011,-12833.333333333334
NA,NA,"Eastern Asia",NA,"Residuals","Sugar","t","Balance",2012,-14500
NA,NA,"Eastern Asia",NA,"Residuals","Sugar","t","Balance",2013,-14000
NA,NA,"Eastern Asia",NA,"Residuals","Sugar","t","Balance",2014,-1833.3333333333333
NA,NA,"Eastern Asia",NA,"Residuals","Sugar","t","Balance",2015,-8833.333333333334
NA,NA,"Eastern Asia",NA,"Residuals","Sugar","t","Balance",2016,-44333.333333333336
NA,NA,"Eastern Asia",NA,"Residuals","Sugar","t","Balance",2017,-64666.666666666664
NA,NA,"Eastern Asia",NA,"Residuals","Sugar","t","Balance",2018,-26666.666666666668
NA,NA,"Eastern Asia",NA,"Residuals","Sugar","t","Balance",2019,-17833.333333333332
NA,NA,"Eastern Asia",NA,"Residuals","Sugar","t","Balance",2020,-11666.666666666666
NA,NA,"Eastern Asia",NA,"Residuals","Sugar","t","Balance",2021,500
NA,NA,"Eastern Asia",NA,"Residuals","Sugar","t","Balance",2022,0
NA,NA,"Eastern Asia",NA,"Residuals","Sugar","t","Balance",2023,0
NA,NA,"Eastern Asia",NA,"Seed","Cereals","t","Balance",2010,2693200
NA,NA,"Eastern Asia",NA,"Seed","Cereals","t","Balance",2011,2651200
NA,NA,"Eastern Asia",NA,"Seed","Cereals","t","Balance",2012,2673400
NA,NA,"Eastern Asia",NA,"Seed","Cereals","t","Balance",2013,2543200
NA,NA,"Eastern Asia",NA,"Seed","Cereals","t","Balance",2014,2691400
NA,NA,"Eastern Asia",NA,"Seed","Cereals","t","Balance",2015,2769400
NA,NA,"Eastern Asia",NA,"Seed","Cereals","t","Balance",2016,2748000
NA,NA,"Eastern Asia",NA,"Seed","Cereals","t","Balance",2017,2725400
NA,NA,"Eastern Asia",NA,"Seed","Cereals","t","Balance",2018,2680600
NA,NA,"Eastern Asia",NA,"Seed","Cereals","t","Balance",2019,2627000
NA,NA,"Eastern Asia",NA,"Seed","Cereals","t","Balance",2020,2636600
NA,NA,"Eastern Asia",NA,"Seed","Cereals","t","Balance",2021,2703200
NA,NA,"Eastern Asia",NA,"Seed","Cereals","t","Balance",2022,2662000
NA,NA,"Eastern Asia",NA,"Seed","Cereals","t","Balance",2023,2645800
NA,NA,"Eastern Asia",NA,"Seed","Dairy and eggs (excl. butter)","t","Balance",2010,381500
NA,NA,"Eastern Asia",NA,"Seed","Dairy and eggs (excl. butter)","t","Balance",2011,387500
NA,NA,"Eastern Asia",NA,"Seed","Dairy and eggs (excl. butter)","t","Balance",2012,394000
NA,NA,"Eastern Asia",NA,"Seed","Dairy and eggs (excl. butter)","t","Balance",2013,397000
NA,NA,"Eastern Asia",NA,"Seed","Dairy and eggs (excl. butter)","t","Balance",2014,399500
NA,NA,"Eastern Asia",NA,"Seed","Dairy and eggs (excl. butter)","t","Balance",2015,424000
NA,NA,"Eastern Asia",NA,"Seed","Dairy and eggs (excl. butter)","t","Balance",2016,438000
NA,NA,"Eastern Asia",NA,"Seed","Dairy and eggs (excl. butter)","t","Balance",2017,429000
NA,NA,"Eastern Asia",NA,"Seed","Dairy and eggs (excl. butter)","t","Balance",2018,436000
NA,NA,"Eastern Asia",NA,"Seed","Dairy and eggs (excl. butter)","t","Balance",2019,455500
NA,NA,"Eastern Asia",NA,"Seed","Dairy and eggs (excl. butter)","t","Balance",2020,476000
NA,NA,"Eastern Asia",NA,"Seed","Dairy and eggs (excl. butter)","t","Balance",2021,468500
NA,NA,"Eastern Asia",NA,"Seed","Dairy and eggs (excl. butter)","t","Balance",2022,467000
NA,NA,"Eastern Asia",NA,"Seed","Dairy and eggs (excl. butter)","t","Balance",2023,490500
NA,NA,"Eastern Asia",NA,"Seed","Fats and oils","t","Balance",2010,446750
NA,NA,"Eastern Asia",NA,"Seed","Fats and oils","t","Balance",2011,449500
NA,NA,"Eastern Asia",NA,"Seed","Fats and oils","t","Balance",2012,439500
NA,NA,"Eastern Asia",NA,"Seed","Fats and oils","t","Balance",2013,422500
NA,NA,"Eastern Asia",NA,"Seed","Fats and oils","t","Balance",2014,421500
NA,NA,"Eastern Asia",NA,"Seed","Fats and oils","t","Balance",2015,403000
NA,NA,"Eastern Asia",NA,"Seed","Fats and oils","t","Balance",2016,411250
NA,NA,"Eastern Asia",NA,"Seed","Fats and oils","t","Balance",2017,446750
NA,NA,"Eastern Asia",NA,"Seed","Fats and oils","t","Balance",2018,456500
NA,NA,"Eastern Asia",NA,"Seed","Fats and oils","t","Balance",2019,482000
NA,NA,"Eastern Asia",NA,"Seed","Fats and oils","t","Balance",2020,507750
NA,NA,"Eastern Asia",NA,"Seed","Fats and oils","t","Balance",2021,469250
NA,NA,"Eastern Asia",NA,"Seed","Fats and oils","t","Balance",2022,527000
NA,NA,"Eastern Asia",NA,"Seed","Fats and oils","t","Balance",2023,522750
NA,NA,"Eastern Asia",NA,"Seed","Fish and seafood","t","Balance",2010,600
NA,NA,"Eastern Asia",NA,"Seed","Fish and seafood","t","Balance",2011,600
NA,NA,"Eastern Asia",NA,"Seed","Fish and seafood","t","Balance",2012,400
NA,NA,"Eastern Asia",NA,"Seed","Fish and seafood","t","Balance",2013,200
NA,NA,"Eastern Asia",NA,"Seed","Fish and seafood","t","Balance",2014,200
NA,NA,"Eastern Asia",NA,"Seed","Fish and seafood","t","Balance",2015,600
NA,NA,"Eastern Asia",NA,"Seed","Fish and seafood","t","Balance",2016,600
NA,NA,"Eastern Asia",NA,"Seed","Fish and seafood","t","Balance",2017,200
NA,NA,"Eastern Asia",NA,"Seed","Fish and seafood","t","Balance",2018,200
NA,NA,"Eastern Asia",NA,"Seed","Fish and seafood","t","Balance",2019,0
NA,NA,"Eastern Asia",NA,"Seed","Fish and seafood","t","Balance",2020,0
NA,NA,"Eastern Asia",NA,"Seed","Fish and seafood","t","Balance",2021,0
NA,NA,"Eastern Asia",NA,"Seed","Fish and seafood","t","Balance",2022,0
NA,NA,"Eastern Asia",NA,"Seed","Fish and seafood","t","Balance",2023,0
NA,NA,"Eastern Asia",NA,"Seed","Pulses","t","Balance",2010,65000
NA,NA,"Eastern Asia",NA,"Seed","Pulses","t","Balance",2011,75000
NA,NA,"Eastern Asia",NA,"Seed","Pulses","t","Balance",2012,69750
NA,NA,"Eastern Asia",NA,"Seed","Pulses","t","Balance",2013,65000
NA,NA,"Eastern Asia",NA,"Seed","Pulses","t","Balance",2014,67500
NA,NA,"Eastern Asia",NA,"Seed","Pulses","t","Balance",2015,67750
NA,NA,"Eastern Asia",NA,"Seed","Pulses","t","Balance",2016,72750
NA,NA,"Eastern Asia",NA,"Seed","Pulses","t","Balance",2017,79750
NA,NA,"Eastern Asia",NA,"Seed","Pulses","t","Balance",2018,79500
NA,NA,"Eastern Asia",NA,"Seed","Pulses","t","Balance",2019,71250
NA,NA,"Eastern Asia",NA,"Seed","Pulses","t","Balance",2020,70000
NA,NA,"Eastern Asia",NA,"Seed","Pulses","t","Balance",2021,70000
NA,NA,"Eastern Asia",NA,"Seed","Pulses","t","Balance",2022,70500
NA,NA,"Eastern Asia",NA,"Seed","Pulses","t","Balance",2023,70750
NA,NA,"Eastern Asia",NA,"Seed","Starchy roots","t","Balance",2010,705250
NA,NA,"Eastern Asia",NA,"Seed","Starchy roots","t","Balance",2011,749250
NA,NA,"Eastern Asia",NA,"Seed","Starchy roots","t","Balance",2012,750000
NA,NA,"Eastern Asia",NA,"Seed","Starchy roots","t","Balance",2013,787750
NA,NA,"Eastern Asia",NA,"Seed","Starchy roots","t","Balance",2014,785500
NA,NA,"Eastern Asia",NA,"Seed","Starchy roots","t","Balance",2015,768250
NA,NA,"Eastern Asia",NA,"Seed","Starchy roots","t","Balance",2016,759000
NA,NA,"Eastern Asia",NA,"Seed","Starchy roots","t","Balance",2017,769500
NA,NA,"Eastern Asia",NA,"Seed","Starchy roots","t","Balance",2018,762500
NA,NA,"Eastern Asia",NA,"Seed","Starchy roots","t","Balance",2019,661750
NA,NA,"Eastern Asia",NA,"Seed","Starchy roots","t","Balance",2020,738000
NA,NA,"Eastern Asia",NA,"Seed","Starchy roots","t","Balance",2021,880250
NA,NA,"Eastern Asia",NA,"Seed","Starchy roots","t","Balance",2022,730250
NA,NA,"Eastern Asia",NA,"Seed","Starchy roots","t","Balance",2023,736500
NA,NA,"Eastern Asia",NA,"Stock Variation","Beverages and other","t","Balance",2010,359333.3333333333
NA,NA,"Eastern Asia",NA,"Stock Variation","Beverages and other","t","Balance",2011,602666.6666666666
NA,NA,"Eastern Asia",NA,"Stock Variation","Beverages and other","t","Balance",2012,242333.33333333334
NA,NA,"Eastern Asia",NA,"Stock Variation","Beverages and other","t","Balance",2013,774166.6666666666
NA,NA,"Eastern Asia",NA,"Stock Variation","Beverages and other","t","Balance",2014,640333.3333333334
NA,NA,"Eastern Asia",NA,"Stock Variation","Beverages and other","t","Balance",2015,578500
NA,NA,"Eastern Asia",NA,"Stock Variation","Beverages and other","t","Balance",2016,553166.6666666666
NA,NA,"Eastern Asia",NA,"Stock Variation","Beverages and other","t","Balance",2017,588166.6666666666
NA,NA,"Eastern Asia",NA,"Stock Variation","Beverages and other","t","Balance",2018,512000
NA,NA,"Eastern Asia",NA,"Stock Variation","Beverages and other","t","Balance",2019,532833.3333333334
NA,NA,"Eastern Asia",NA,"Stock Variation","Beverages and other","t","Balance",2020,472333.3333333333
NA,NA,"Eastern Asia",NA,"Stock Variation","Beverages and other","t","Balance",2021,390666.6666666667
NA,NA,"Eastern Asia",NA,"Stock Variation","Beverages and other","t","Balance",2022,501166.6666666667
NA,NA,"Eastern Asia",NA,"Stock Variation","Beverages and other","t","Balance",2023,408333.3333333333
NA,NA,"Eastern Asia",NA,"Stock Variation","Cereals","t","Balance",2010,1110833.3333333333
NA,NA,"Eastern Asia",NA,"Stock Variation","Cereals","t","Balance",2011,2376000
NA,NA,"Eastern Asia",NA,"Stock Variation","Cereals","t","Balance",2012,5573666.666666667
NA,NA,"Eastern Asia",NA,"Stock Variation","Cereals","t","Balance",2013,10695666.666666666
NA,NA,"Eastern Asia",NA,"Stock Variation","Cereals","t","Balance",2014,12646333.333333334
NA,NA,"Eastern Asia",NA,"Stock Variation","Cereals","t","Balance",2015,13236500
NA,NA,"Eastern Asia",NA,"Stock Variation","Cereals","t","Balance",2016,7217500
NA,NA,"Eastern Asia",NA,"Stock Variation","Cereals","t","Balance",2017,5518333.333333333
NA,NA,"Eastern Asia",NA,"Stock Variation","Cereals","t","Balance",2018,881833.3333333334
NA,NA,"Eastern Asia",NA,"Stock Variation","Cereals","t","Balance",2019,679833.3333333334
NA,NA,"Eastern Asia",NA,"Stock Variation","Cereals","t","Balance",2020,296666.6666666667
NA,NA,"Eastern Asia",NA,"Stock Variation","Cereals","t","Balance",2021,124166.66666666667
NA,NA,"Eastern Asia",NA,"Stock Variation","Cereals","t","Balance",2022,-1946833.3333333333
NA,NA,"Eastern Asia",NA,"Stock Variation","Cereals","t","Balance",2023,-425833.3333333333
NA,NA,"Eastern Asia",NA,"Stock Variation","Dairy and eggs (excl. butter)","t","Balance",2010,-286666.6666666667
NA,NA,"Eastern Asia",NA,"Stock Variation","Dairy and eggs (excl. butter)","t","Balance",2011,-232333.33333333334
NA,NA,"Eastern Asia",NA,"Stock Variation","Dairy and eggs (excl. butter)","t","Balance",2012,2333.3333333333335
NA,NA,"Eastern Asia",NA,"Stock Variation","Dairy and eggs (excl. butter)","t","Balance",2013,480666.6666666667
NA,NA,"Eastern Asia",NA,"Stock Variation","Dairy and eggs (excl. butter)","t","Balance",2014,41333.333333333336
NA,NA,"Eastern Asia",NA,"Stock Variation","Dairy and eggs (excl. butter)","t","Balance",2015,34333.333333333336
NA,NA,"Eastern Asia",NA,"Stock Variation","Dairy and eggs (excl. butter)","t","Balance",2016,40000
NA,NA,"Eastern Asia",NA,"Stock Variation","Dairy and eggs (excl. butter)","t","Balance",2017,30666.666666666668
NA,NA,"Eastern Asia",NA,"Stock Variation","Dairy and eggs (excl. butter)","t","Balance",2018,58666.666666666664
NA,NA,"Eastern Asia",NA,"Stock Variation","Dairy and eggs (excl. butter)","t","Balance",2019,96333.33333333333
NA,NA,"Eastern Asia",NA,"Stock Variation","Dairy and eggs (excl. butter)","t","Balance",2020,50333.333333333336
NA,NA,"Eastern Asia",NA,"Stock Variation","Dairy and eggs (excl. butter)","t","Balance",2021,80666.66666666667
NA,NA,"Eastern Asia",NA,"Stock Variation","Dairy and eggs (excl. butter)","t","Balance",2022,63333.333333333336
NA,NA,"Eastern Asia",NA,"Stock Variation","Dairy and eggs (excl. butter)","t","Balance",2023,82000
NA,NA,"Eastern Asia",NA,"Stock Variation","Fats and oils","t","Balance",2010,95833.33333333333
NA,NA,"Eastern Asia",NA,"Stock Variation","Fats and oils","t","Balance",2011,335333.3333333333
NA,NA,"Eastern Asia",NA,"Stock Variation","Fats and oils","t","Balance",2012,-227500
NA,NA,"Eastern Asia",NA,"Stock Variation","Fats and oils","t","Balance",2013,372333.3333333333
NA,NA,"Eastern Asia",NA,"Stock Variation","Fats and oils","t","Balance",2014,562833.3333333334
NA,NA,"Eastern Asia",NA,"Stock Variation","Fats and oils","t","Balance",2015,-188166.66666666666
NA,NA,"Eastern Asia",NA,"Stock Variation","Fats and oils","t","Balance",2016,462333.3333333333
NA,NA,"Eastern Asia",NA,"Stock Variation","Fats and oils","t","Balance",2017,414666.6666666667
NA,NA,"Eastern Asia",NA,"Stock Variation","Fats and oils","t","Balance",2018,-678500
NA,NA,"Eastern Asia",NA,"Stock Variation","Fats and oils","t","Balance",2019,210500
NA,NA,"Eastern Asia",NA,"Stock Variation","Fats and oils","t","Balance",2020,71000
NA,NA,"Eastern Asia",NA,"Stock Variation","Fats and oils","t","Balance",2021,78000
NA,NA,"Eastern Asia",NA,"Stock Variation","Fats and oils","t","Balance",2022,-260500
NA,NA,"Eastern Asia",NA,"Stock Variation","Fats and oils","t","Balance",2023,480000
NA,NA,"Eastern Asia",NA,"Stock Variation","Fish and seafood","t","Balance",2010,-11000
NA,NA,"Eastern Asia",NA,"Stock Variation","Fish and seafood","t","Balance",2011,-87000
NA,NA,"Eastern Asia",NA,"Stock Variation","Fish and seafood","t","Balance",2012,-200
NA,NA,"Eastern Asia",NA,"Stock Variation","Fish and seafood","t","Balance",2013,-2800
NA,NA,"Eastern Asia",NA,"Stock Variation","Fish and seafood","t","Balance",2014,42400
NA,NA,"Eastern Asia",NA,"Stock Variation","Fish and seafood","t","Balance",2015,32600
NA,NA,"Eastern Asia",NA,"Stock Variation","Fish and seafood","t","Balance",2016,-23200
NA,NA,"Eastern Asia",NA,"Stock Variation","Fish and seafood","t","Balance",2017,-50600
NA,NA,"Eastern Asia",NA,"Stock Variation","Fish and seafood","t","Balance",2018,-800
NA,NA,"Eastern Asia",NA,"Stock Variation","Fish and seafood","t","Balance",2019,200
NA,NA,"Eastern Asia",NA,"Stock Variation","Fish and seafood","t","Balance",2020,9600
NA,NA,"Eastern Asia",NA,"Stock Variation","Fish and seafood","t","Balance",2021,-10200
NA,NA,"Eastern Asia",NA,"Stock Variation","Fish and seafood","t","Balance",2022,-10200
NA,NA,"Eastern Asia",NA,"Stock Variation","Fish and seafood","t","Balance",2023,-10200
NA,NA,"Eastern Asia",NA,"Stock Variation","Fruits and vegetables","t","Balance",2010,-786500
NA,NA,"Eastern Asia",NA,"Stock Variation","Fruits and vegetables","t","Balance",2011,-319500
NA,NA,"Eastern Asia",NA,"Stock Variation","Fruits and vegetables","t","Balance",2012,44166.666666666664
NA,NA,"Eastern Asia",NA,"Stock Variation","Fruits and vegetables","t","Balance",2013,106000
NA,NA,"Eastern Asia",NA,"Stock Variation","Fruits and vegetables","t","Balance",2014,84166.66666666667
NA,NA,"Eastern Asia",NA,"Stock Variation","Fruits and vegetables","t","Balance",2015,-165500
NA,NA,"Eastern Asia",NA,"Stock Variation","Fruits and vegetables","t","Balance",2016,-171500
NA,NA,"Eastern Asia",NA,"Stock Variation","Fruits and vegetables","t","Balance",2017,-172666.66666666666
NA,NA,"Eastern Asia",NA,"Stock Variation","Fruits and vegetables","t","Balance",2018,58333.333333333336
NA,NA,"Eastern Asia",NA,"Stock Variation","Fruits and vegetables","t","Balance",2019,66833.33333333333
NA,NA,"Eastern Asia",NA,"Stock Variation","Fruits and vegetables","t","Balance",2020,113000
NA,NA,"Eastern Asia",NA,"Stock Variation","Fruits and vegetables","t","Balance",2021,434500
NA,NA,"Eastern Asia",NA,"Stock Variation","Fruits and vegetables","t","Balance",2022,490833.3333333333
NA,NA,"Eastern Asia",NA,"Stock Variation","Fruits and vegetables","t","Balance",2023,237666.66666666666
NA,NA,"Eastern Asia",NA,"Stock Variation","Meat","t","Balance",2010,127000
NA,NA,"Eastern Asia",NA,"Stock Variation","Meat","t","Balance",2011,425000
NA,NA,"Eastern Asia",NA,"Stock Variation","Meat","t","Balance",2012,842500
NA,NA,"Eastern Asia",NA,"Stock Variation","Meat","t","Balance",2013,875833.3333333334
NA,NA,"Eastern Asia",NA,"Stock Variation","Meat","t","Balance",2014,654666.6666666666
NA,NA,"Eastern Asia",NA,"Stock Variation","Meat","t","Balance",2015,480166.6666666667
NA,NA,"Eastern Asia",NA,"Stock Variation","Meat","t","Balance",2016,145500
NA,NA,"Eastern Asia",NA,"Stock Variation","Meat","t","Balance",2017,154666.66666666666
NA,NA,"Eastern Asia",NA,"Stock Variation","Meat","t","Balance",2018,267166.6666666667
NA,NA,"Eastern Asia",NA,"Stock Variation","Meat","t","Balance",2019,-1270666.6666666667
NA,NA,"Eastern Asia",NA,"Stock Variation","Meat","t","Balance",2020,705666.6666666666
NA,NA,"Eastern Asia",NA,"Stock Variation","Meat","t","Balance",2021,976000
NA,NA,"Eastern Asia",NA,"Stock Variation","Meat","t","Balance",2022,119833.33333333333
NA,NA,"Eastern Asia",NA,"Stock Variation","Meat","t","Balance",2023,-66000
NA,NA,"Eastern Asia",NA,"Stock Variation","Pulses","t","Balance",2010,-59000
NA,NA,"Eastern Asia",NA,"Stock Variation","Pulses","t","Balance",2011,-22333.333333333332
NA,NA,"Eastern Asia",NA,"Stock Variation","Pulses","t","Balance",2012,-72166.66666666667
NA,NA,"Eastern Asia",NA,"Stock Variation","Pulses","t","Balance",2013,-35666.666666666664
NA,NA,"Eastern Asia",NA,"Stock Variation","Pulses","t","Balance",2014,15166.666666666666
NA,NA,"Eastern Asia",NA,"Stock Variation","Pulses","t","Balance",2015,19666.666666666668
NA,NA,"Eastern Asia",NA,"Stock Variation","Pulses","t","Balance",2016,-8000
NA,NA,"Eastern Asia",NA,"Stock Variation","Pulses","t","Balance",2017,15166.666666666666
NA,NA,"Eastern Asia",NA,"Stock Variation","Pulses","t","Balance",2018,26166.666666666668
NA,NA,"Eastern Asia",NA,"Stock Variation","Pulses","t","Balance",2019,12166.666666666666
NA,NA,"Eastern Asia",NA,"Stock Variation","Pulses","t","Balance",2020,31166.666666666668
NA,NA,"Eastern Asia",NA,"Stock Variation","Pulses","t","Balance",2021,3000
NA,NA,"Eastern Asia",NA,"Stock Variation","Pulses","t","Balance",2022,19833.333333333332
NA,NA,"Eastern Asia",NA,"Stock Variation","Pulses","t","Balance",2023,41333.333333333336
NA,NA,"Eastern Asia",NA,"Stock Variation","Starchy roots","t","Balance",2010,-149000
NA,NA,"Eastern Asia",NA,"Stock Variation","Starchy roots","t","Balance",2011,726666.6666666666
NA,NA,"Eastern Asia",NA,"Stock Variation","Starchy roots","t","Balance",2012,161333.33333333334
NA,NA,"Eastern Asia",NA,"Stock Variation","Starchy roots","t","Balance",2013,-281500
NA,NA,"Eastern Asia",NA,"Stock Variation","Starchy roots","t","Balance",2014,-1217666.6666666667
NA,NA,"Eastern Asia",NA,"Stock Variation","Starchy roots","t","Balance",2015,154000
NA,NA,"Eastern Asia",NA,"Stock Variation","Starchy roots","t","Balance",2016,100666.66666666667
NA,NA,"Eastern Asia",NA,"Stock Variation","Starchy roots","t","Balance",2017,-127166.66666666667
NA,NA,"Eastern Asia",NA,"Stock Variation","Starchy roots","t","Balance",2018,269000
NA,NA,"Eastern Asia",NA,"Stock Variation","Starchy roots","t","Balance",2019,289666.6666666667
NA,NA,"Eastern Asia",NA,"Stock Variation","Starchy roots","t","Balance",2020,1461666.6666666667
NA,NA,"Eastern Asia",NA,"Stock Variation","Starchy roots","t","Balance",2021,842166.6666666666
NA,NA,"Eastern Asia",NA,"Stock Variation","Starchy roots","t","Balance",2022,526833.3333333334
NA,NA,"Eastern Asia",NA,"Stock Variation","Starchy roots","t","Balance",2023,660000
NA,NA,"Eastern Asia",NA,"Stock Variation","Sugar","t","Balance",2010,-161833.33333333334
NA,NA,"Eastern Asia",NA,"Stock Variation","Sugar","t","Balance",2011,-66833.33333333333
NA,NA,"Eastern Asia",NA,"Stock Variation","Sugar","t","Balance",2012,120333.33333333333
NA,NA,"Eastern Asia",NA,"Stock Variation","Sugar","t","Balance",2013,-41666.666666666664
NA,NA,"Eastern Asia",NA,"Stock Variation","Sugar","t","Balance",2014,242666.66666666666
NA,NA,"Eastern Asia",NA,"Stock Variation","Sugar","t","Balance",2015,-94000
NA,NA,"Eastern Asia",NA,"Stock Variation","Sugar","t","Balance",2016,-86666.66666666667
NA,NA,"Eastern Asia",NA,"Stock Variation","Sugar","t","Balance",2017,-533333.3333333334
NA,NA,"Eastern Asia",NA,"Stock Variation","Sugar","t","Balance",2018,120333.33333333333
NA,NA,"Eastern Asia",NA,"Stock Variation","Sugar","t","Balance",2019,294500
NA,NA,"Eastern Asia",NA,"Stock Variation","Sugar","t","Balance",2020,501000
NA,NA,"Eastern Asia",NA,"Stock Variation","Sugar","t","Balance",2021,-57166.666666666664
NA,NA,"Eastern Asia",NA,"Stock Variation","Sugar","t","Balance",2022,-155000
NA,NA,"Eastern Asia",NA,"Stock Variation","Sugar","t","Balance",2023,-139666.66666666666
NA,NA,"Eastern Asia",NA,"Tourist consumption","Beverages and other","t","Balance",2010,14000
NA,NA,"Eastern Asia",NA,"Tourist consumption","Beverages and other","t","Balance",2011,12500
NA,NA,"Eastern Asia",NA,"Tourist consumption","Beverages and other","t","Balance",2012,15000
NA,NA,"Eastern Asia",NA,"Tourist consumption","Beverages and other","t","Balance",2013,15000
NA,NA,"Eastern Asia",NA,"Tourist consumption","Beverages and other","t","Balance",2014,12000
NA,NA,"Eastern Asia",NA,"Tourist consumption","Beverages and other","t","Balance",2015,14000
NA,NA,"Eastern Asia",NA,"Tourist consumption","Beverages and other","t","Balance",2016,17000
NA,NA,"Eastern Asia",NA,"Tourist consumption","Beverages and other","t","Balance",2017,16000
NA,NA,"Eastern Asia",NA,"Tourist consumption","Beverages and other","t","Balance",2018,20500
NA,NA,"Eastern Asia",NA,"Tourist consumption","Beverages and other","t","Balance",2019,21000
NA,NA,"Eastern Asia",NA,"Tourist consumption","Beverages and other","t","Balance",2020,0
NA,NA,"Eastern Asia",NA,"Tourist consumption","Beverages and other","t","Balance",2021,0
NA,NA,"Eastern Asia",NA,"Tourist consumption","Beverages and other","t","Balance",2022,20000
NA,NA,"Eastern Asia",NA,"Tourist consumption","Beverages and other","t","Balance",2023,37000
NA,NA,"Eastern Asia",NA,"Tourist consumption","Cereals","t","Balance",2010,14000
NA,NA,"Eastern Asia",NA,"Tourist consumption","Cereals","t","Balance",2011,15000
NA,NA,"Eastern Asia",NA,"Tourist consumption","Cereals","t","Balance",2012,15000
NA,NA,"Eastern Asia",NA,"Tourist consumption","Cereals","t","Balance",2013,15000
NA,NA,"Eastern Asia",NA,"Tourist consumption","Cereals","t","Balance",2014,14000
NA,NA,"Eastern Asia",NA,"Tourist consumption","Cereals","t","Balance",2015,13000
NA,NA,"Eastern Asia",NA,"Tourist consumption","Cereals","t","Balance",2016,12500
NA,NA,"Eastern Asia",NA,"Tourist consumption","Cereals","t","Balance",2017,12500
NA,NA,"Eastern Asia",NA,"Tourist consumption","Cereals","t","Balance",2018,14500
NA,NA,"Eastern Asia",NA,"Tourist consumption","Cereals","t","Balance",2019,13500
NA,NA,"Eastern Asia",NA,"Tourist consumption","Cereals","t","Balance",2020,0
NA,NA,"Eastern Asia",NA,"Tourist consumption","Cereals","t","Balance",2021,0
NA,NA,"Eastern Asia",NA,"Tourist consumption","Cereals","t","Balance",2022,6500
NA,NA,"Eastern Asia",NA,"Tourist consumption","Cereals","t","Balance",2023,11500
NA,NA,"Eastern Asia",NA,"Tourist consumption","Dairy and eggs (excl. butter)","t","Balance",2010,33000
NA,NA,"Eastern Asia",NA,"Tourist consumption","Dairy and eggs (excl. butter)","t","Balance",2011,41000
NA,NA,"Eastern Asia",NA,"Tourist consumption","Dairy and eggs (excl. butter)","t","Balance",2012,50000
NA,NA,"Eastern Asia",NA,"Tourist consumption","Dairy and eggs (excl. butter)","t","Balance",2013,48000
NA,NA,"Eastern Asia",NA,"Tourist consumption","Dairy and eggs (excl. butter)","t","Balance",2014,56000
NA,NA,"Eastern Asia",NA,"Tourist consumption","Dairy and eggs (excl. butter)","t","Balance",2015,48000
NA,NA,"Eastern Asia",NA,"Tourist consumption","Dairy and eggs (excl. butter)","t","Balance",2016,51000
NA,NA,"Eastern Asia",NA,"Tourist consumption","Dairy and eggs (excl. butter)","t","Balance",2017,42000
NA,NA,"Eastern Asia",NA,"Tourist consumption","Dairy and eggs (excl. butter)","t","Balance",2018,49000
NA,NA,"Eastern Asia",NA,"Tourist consumption","Dairy and eggs (excl. butter)","t","Balance",2019,45000
NA,NA,"Eastern Asia",NA,"Tourist consumption","Dairy and eggs (excl. butter)","t","Balance",2020,0
NA,NA,"Eastern Asia",NA,"Tourist consumption","Dairy and eggs (excl. butter)","t","Balance",2021,0
NA,NA,"Eastern Asia",NA,"Tourist consumption","Dairy and eggs (excl. butter)","t","Balance",2022,15000
NA,NA,"Eastern Asia",NA,"Tourist consumption","Dairy and eggs (excl. butter)","t","Balance",2023,24000
NA,NA,"Eastern Asia",NA,"Tourist consumption","Fats and oils","t","Balance",2010,12666.666666666666
NA,NA,"Eastern Asia",NA,"Tourist consumption","Fats and oils","t","Balance",2011,11333.333333333334
NA,NA,"Eastern Asia",NA,"Tourist consumption","Fats and oils","t","Balance",2012,11000
NA,NA,"Eastern Asia",NA,"Tourist consumption","Fats and oils","t","Balance",2013,11333.333333333334
NA,NA,"Eastern Asia",NA,"Tourist consumption","Fats and oils","t","Balance",2014,10000
NA,NA,"Eastern Asia",NA,"Tourist consumption","Fats and oils","t","Balance",2015,10666.666666666666
NA,NA,"Eastern Asia",NA,"Tourist consumption","Fats and oils","t","Balance",2016,10000
NA,NA,"Eastern Asia",NA,"Tourist consumption","Fats and oils","t","Balance",2017,10000
NA,NA,"Eastern Asia",NA,"Tourist consumption","Fats and oils","t","Balance",2018,11000
NA,NA,"Eastern Asia",NA,"Tourist consumption","Fats and oils","t","Balance",2019,11333.333333333334
NA,NA,"Eastern Asia",NA,"Tourist consumption","Fats and oils","t","Balance",2020,6000
NA,NA,"Eastern Asia",NA,"Tourist consumption","Fats and oils","t","Balance",2021,0
NA,NA,"Eastern Asia",NA,"Tourist consumption","Fats and oils","t","Balance",2022,11000
NA,NA,"Eastern Asia",NA,"Tourist consumption","Fats and oils","t","Balance",2023,10333.333333333334
NA,NA,"Eastern Asia",NA,"Tourist consumption","Fruits and vegetables","t","Balance",2010,25500
NA,NA,"Eastern Asia",NA,"Tourist consumption","Fruits and vegetables","t","Balance",2011,28500
NA,NA,"Eastern Asia",NA,"Tourist consumption","Fruits and vegetables","t","Balance",2012,29500
NA,NA,"Eastern Asia",NA,"Tourist consumption","Fruits and vegetables","t","Balance",2013,29500
NA,NA,"Eastern Asia",NA,"Tourist consumption","Fruits and vegetables","t","Balance",2014,28500
NA,NA,"Eastern Asia",NA,"Tourist consumption","Fruits and vegetables","t","Balance",2015,30500
NA,NA,"Eastern Asia",NA,"Tourist consumption","Fruits and vegetables","t","Balance",2016,30000
NA,NA,"Eastern Asia",NA,"Tourist consumption","Fruits and vegetables","t","Balance",2017,29500
NA,NA,"Eastern Asia",NA,"Tourist consumption","Fruits and vegetables","t","Balance",2018,36500
NA,NA,"Eastern Asia",NA,"Tourist consumption","Fruits and vegetables","t","Balance",2019,40000
NA,NA,"Eastern Asia",NA,"Tourist consumption","Fruits and vegetables","t","Balance",2020,0
NA,NA,"Eastern Asia",NA,"Tourist consumption","Fruits and vegetables","t","Balance",2021,0
NA,NA,"Eastern Asia",NA,"Tourist consumption","Fruits and vegetables","t","Balance",2022,23500
NA,NA,"Eastern Asia",NA,"Tourist consumption","Fruits and vegetables","t","Balance",2023,34500
NA,NA,"Eastern Asia",NA,"Tourist consumption","Meat","t","Balance",2010,127000
NA,NA,"Eastern Asia",NA,"Tourist consumption","Meat","t","Balance",2011,178000
NA,NA,"Eastern Asia",NA,"Tourist consumption","Meat","t","Balance",2012,129500
NA,NA,"Eastern Asia",NA,"Tourist consumption","Meat","t","Balance",2013,112500
NA,NA,"Eastern Asia",NA,"Tourist consumption","Meat","t","Balance",2014,275500
NA,NA,"Eastern Asia",NA,"Tourist consumption","Meat","t","Balance",2015,158500
NA,NA,"Eastern Asia",NA,"Tourist consumption","Meat","t","Balance",2016,210500
NA,NA,"Eastern Asia",NA,"Tourist consumption","Meat","t","Balance",2017,269000
NA,NA,"Eastern Asia",NA,"Tourist consumption","Meat","t","Balance",2018,233500
NA,NA,"Eastern Asia",NA,"Tourist consumption","Meat","t","Balance",2019,248000
NA,NA,"Eastern Asia",NA,"Tourist consumption","Meat","t","Balance",2020,0
NA,NA,"Eastern Asia",NA,"Tourist consumption","Meat","t","Balance",2021,0
NA,NA,"Eastern Asia",NA,"Tourist consumption","Meat","t","Balance",2022,55000
NA,NA,"Eastern Asia",NA,"Tourist consumption","Meat","t","Balance",2023,38500
NA,NA,"Eastern Asia",NA,"Tourist consumption","Pulses","t","Balance",2010,0
NA,NA,"Eastern Asia",NA,"Tourist consumption","Pulses","t","Balance",2011,0
NA,NA,"Eastern Asia",NA,"Tourist consumption","Pulses","t","Balance",2012,0
NA,NA,"Eastern Asia",NA,"Tourist consumption","Pulses","t","Balance",2013,0
NA,NA,"Eastern Asia",NA,"Tourist consumption","Pulses","t","Balance",2014,0
NA,NA,"Eastern Asia",NA,"Tourist consumption","Pulses","t","Balance",2015,0
NA,NA,"Eastern Asia",NA,"Tourist consumption","Pulses","t","Balance",2016,0
NA,NA,"Eastern Asia",NA,"Tourist consumption","Pulses","t","Balance",2017,0
NA,NA,"Eastern Asia",NA,"Tourist consumption","Pulses","t","Balance",2018,0
NA,NA,"Eastern Asia",NA,"Tourist consumption","Pulses","t","Balance",2019,0
NA,NA,"Eastern Asia",NA,"Tourist consumption","Pulses","t","Balance",2020,0
NA,NA,"Eastern Asia",NA,"Tourist consumption","Pulses","t","Balance",2021,0
NA,NA,"Eastern Asia",NA,"Tourist consumption","Pulses","t","Balance",2022,0
NA,NA,"Eastern Asia",NA,"Tourist consumption","Pulses","t","Balance",2023,0
NA,NA,"Eastern Asia",NA,"Tourist consumption","Starchy roots","t","Balance",2010,1000
NA,NA,"Eastern Asia",NA,"Tourist consumption","Starchy roots","t","Balance",2011,500
NA,NA,"Eastern Asia",NA,"Tourist consumption","Starchy roots","t","Balance",2012,500
NA,NA,"Eastern Asia",NA,"Tourist consumption","Starchy roots","t","Balance",2013,500
NA,NA,"Eastern Asia",NA,"Tourist consumption","Starchy roots","t","Balance",2014,500
NA,NA,"Eastern Asia",NA,"Tourist consumption","Starchy roots","t","Balance",2015,0
NA,NA,"Eastern Asia",NA,"Tourist consumption","Starchy roots","t","Balance",2016,0
NA,NA,"Eastern Asia",NA,"Tourist consumption","Starchy roots","t","Balance",2017,0
NA,NA,"Eastern Asia",NA,"Tourist consumption","Starchy roots","t","Balance",2018,500
NA,NA,"Eastern Asia",NA,"Tourist consumption","Starchy roots","t","Balance",2019,500
NA,NA,"Eastern Asia",NA,"Tourist consumption","Starchy roots","t","Balance",2020,0
NA,NA,"Eastern Asia",NA,"Tourist consumption","Starchy roots","t","Balance",2021,0
NA,NA,"Eastern Asia",NA,"Tourist consumption","Starchy roots","t","Balance",2022,1000
NA,NA,"Eastern Asia",NA,"Tourist consumption","Starchy roots","t","Balance",2023,1500
NA,NA,"Eastern Asia",NA,"Tourist consumption","Sugar","t","Balance",2010,5500
NA,NA,"Eastern Asia",NA,"Tourist consumption","Sugar","t","Balance",2011,5000
NA,NA,"Eastern Asia",NA,"Tourist consumption","Sugar","t","Balance",2012,5500
NA,NA,"Eastern Asia",NA,"Tourist consumption","Sugar","t","Balance",2013,5500
NA,NA,"Eastern Asia",NA,"Tourist consumption","Sugar","t","Balance",2014,5500
NA,NA,"Eastern Asia",NA,"Tourist consumption","Sugar","t","Balance",2015,5000
NA,NA,"Eastern Asia",NA,"Tourist consumption","Sugar","t","Balance",2016,5500
NA,NA,"Eastern Asia",NA,"Tourist consumption","Sugar","t","Balance",2017,5000
NA,NA,"Eastern Asia",NA,"Tourist consumption","Sugar","t","Balance",2018,4000
NA,NA,"Eastern Asia",NA,"Tourist consumption","Sugar","t","Balance",2019,5000
NA,NA,"Eastern Asia",NA,"Tourist consumption","Sugar","t","Balance",2020,0
NA,NA,"Eastern Asia",NA,"Tourist consumption","Sugar","t","Balance",2021,0
NA,NA,"Eastern Asia",NA,"Tourist consumption","Sugar","t","Balance",2022,3000
NA,NA,"Eastern Asia",NA,"Tourist consumption","Sugar","t","Balance",2023,5500
